  2.000000000000000E-003  2.000000000000000E-003 -0.415630109807575     
  2.000000000000000E-003  0.298270416666667      -0.441997557743868     
  2.000000000000000E-003  0.594540833333333      -0.452950211895155     
  2.000000000000000E-003  0.890811250000000      -0.459735220049112     
  2.000000000000000E-003   1.18708166666667      -0.461522448063034     
  2.000000000000000E-003   1.48335208333333      -0.457406040066921     
  2.000000000000000E-003   1.77962250000000      -0.447700649634676     
  2.000000000000000E-003   2.07589291666667      -0.433513182751176     
  2.000000000000000E-003   2.37216333333333      -0.416549071121819     
  2.000000000000000E-003   2.66843375000000      -0.398533506330790     
  2.000000000000000E-003   2.96470416666667      -0.378400862761802     
  2.000000000000000E-003   3.26097458333333      -0.356550269010965     
  2.000000000000000E-003   3.55724500000000      -0.334233681041968     
  2.000000000000000E-003   3.85351541666667      -0.312668879818664     
  2.000000000000000E-003   4.14978583333333      -0.292626684395371     
  2.000000000000000E-003   4.44605625000000      -0.274382991927354     
  2.000000000000000E-003   4.74232666666667      -0.257961459708899     
  2.000000000000000E-003   5.03859708333333      -0.243421594997022     
  2.000000000000000E-003   5.33486750000000      -0.230854559562420     
  2.000000000000000E-003   5.63113791666667      -0.220192695507811     
  2.000000000000000E-003   5.92740833333333      -0.211260435068298     
  2.000000000000000E-003   6.22367875000000      -0.203671380719454     
  2.000000000000000E-003   6.51994916666667      -0.196678887858293     
  2.000000000000000E-003   6.81621958333333      -0.188682133555266     
  2.000000000000000E-003   7.11249000000000      -0.178700580538346     
  0.298270416666667       2.000000000000000E-003 -0.441997583433268     
  0.298270416666667       0.298270416666667      -0.462947020250283     
  0.298270416666667       0.594540833333333      -0.482999083351143     
  0.298270416666667       0.890811250000000      -0.501637985627500     
  0.298270416666667        1.18708166666667      -0.509362113892341     
  0.298270416666667        1.48335208333333      -0.506677535801379     
  0.298270416666667        1.77962250000000      -0.495740171897134     
  0.298270416666667        2.07589291666667      -0.478261555147566     
  0.298270416666667        2.37216333333333      -0.457447681706299     
  0.298270416666667        2.66843375000000      -0.435377584639106     
  0.298270416666667        2.96470416666667      -0.410533815955980     
  0.298270416666667        3.26097458333333      -0.383659357072421     
  0.298270416666667        3.55724500000000      -0.356557832359617     
  0.298270416666667        3.85351541666667      -0.330836985897597     
  0.298270416666667        4.14978583333333      -0.307373850414128     
  0.298270416666667        4.44605625000000      -0.286360671534310     
  0.298270416666667        4.74232666666667      -0.267677741066581     
  0.298270416666667        5.03859708333333      -0.251254274304933     
  0.298270416666667        5.33486750000000      -0.237114989667153     
  0.298270416666667        5.63113791666667      -0.225131115795553     
  0.298270416666667        5.92740833333333      -0.215055510984023     
  0.298270416666667        6.22367875000000      -0.206391399196432     
  0.298270416666667        6.51994916666667      -0.198310502349693     
  0.298270416666667        6.81621958333333      -0.190056086892082     
  0.298270416666667        7.11249000000000      -0.182204088300862     
  0.594540833333333       2.000000000000000E-003 -0.452950133895608     
  0.594540833333333       0.298270416666667      -0.482999196587451     
  0.594540833333333       0.594540833333333      -0.513961180362334     
  0.594540833333333       0.890811250000000      -0.541043547609777     
  0.594540833333333        1.18708166666667      -0.554732705723821     
  0.594540833333333        1.48335208333333      -0.554629849113638     
  0.594540833333333        1.77962250000000      -0.543429280837607     
  0.594540833333333        2.07589291666667      -0.523424045616780     
  0.594540833333333        2.37216333333333      -0.499131791991413     
  0.594540833333333        2.66843375000000      -0.472861734465400     
  0.594540833333333        2.96470416666667      -0.442843858979214     
  0.594540833333333        3.26097458333333      -0.410540210214069     
  0.594540833333333        3.55724500000000      -0.378415616155519     
  0.594540833333333        3.85351541666667      -0.348437599467602     
  0.594540833333333        4.14978583333333      -0.321509611210224     
  0.594540833333333        4.44605625000000      -0.297677465367777     
  0.594540833333333        4.74232666666667      -0.276657853967318     
  0.594540833333333        5.03859708333333      -0.258249825090106     
  0.594540833333333        5.33486750000000      -0.242410556001743     
  0.594540833333333        5.63113791666667      -0.228959108948204     
  0.594540833333333        5.92740833333333      -0.217558595742030     
  0.594540833333333        6.22367875000000      -0.207661058832297     
  0.594540833333333        6.51994916666667      -0.198654953862153     
  0.594540833333333        6.81621958333333      -0.190417017240351     
  0.594540833333333        7.11249000000000      -0.182725551902513     
  0.890811250000000       2.000000000000000E-003 -0.459734964436636     
  0.890811250000000       0.298270416666667      -0.501637832210851     
  0.890811250000000       0.594540833333333      -0.541043384152512     
  0.890811250000000       0.890811250000000      -0.573300663803621     
  0.890811250000000        1.18708166666667      -0.592019697704664     
  0.890811250000000        1.48335208333333      -0.595677720352180     
  0.890811250000000        1.77962250000000      -0.585188176429796     
  0.890811250000000        2.07589291666667      -0.563400594653231     
  0.890811250000000        2.37216333333333      -0.537877645140838     
  0.890811250000000        2.66843375000000      -0.507862091351733     
  0.890811250000000        2.96470416666667      -0.472874291461796     
  0.890811250000000        3.26097458333333      -0.435396868614976     
  0.890811250000000        3.55724500000000      -0.398560662184153     
  0.890811250000000        3.85351541666667      -0.364617464716913     
  0.890811250000000        4.14978583333333      -0.334440439413678     
  0.890811250000000        4.44605625000000      -0.307909252073979     
  0.890811250000000        4.74232666666667      -0.284600090768309     
  0.890811250000000        5.03859708333333      -0.264235462503501     
  0.890811250000000        5.33486750000000      -0.246722548583369     
  0.890811250000000        5.63113791666667      -0.231870533525594     
  0.890811250000000        5.92740833333333      -0.219279372928320     
  0.890811250000000        6.22367875000000      -0.208423978407225     
  0.890811250000000        6.51994916666667      -0.198821257981649     
  0.890811250000000        6.81621958333333      -0.190164904491082     
  0.890811250000000        7.11249000000000      -0.181920476541910     
   1.18708166666667       2.000000000000000E-003 -0.461521837234225     
   1.18708166666667       0.298270416666667      -0.509361466853432     
   1.18708166666667       0.594540833333333      -0.554732065331440     
   1.18708166666667       0.890811250000000      -0.592019250953905     
   1.18708166666667        1.18708166666667      -0.615883312771316     
   1.18708166666667        1.48335208333333      -0.623653658953322     
   1.18708166666667        1.77962250000000      -0.615135744789043     
   1.18708166666667        2.07589291666667      -0.595249807206904     
   1.18708166666667        2.37216333333333      -0.570326851089228     
   1.18708166666667        2.66843375000000      -0.537917995840589     
   1.18708166666667        2.96470416666667      -0.499186311297247     
   1.18708166666667        3.26097458333333      -0.457505005697014     
   1.18708166666667        3.55724500000000      -0.416605465346452     
   1.18708166666667        3.85351541666667      -0.379099733845049     
   1.18708166666667        4.14978583333333      -0.345915146284814     
   1.18708166666667        4.44605625000000      -0.316814793113350     
   1.18708166666667        4.74232666666667      -0.291294454332441     
   1.18708166666667        5.03859708333333      -0.269071958968396     
   1.18708166666667        5.33486750000000      -0.250039061499135     
   1.18708166666667        5.63113791666667      -0.233987951698149     
   1.18708166666667        5.92740833333333      -0.220448866045373     
   1.18708166666667        6.22367875000000      -0.208844534768583     
   1.18708166666667        6.51994916666667      -0.198654898829262     
   1.18708166666667        6.81621958333333      -0.189453451019283     
   1.18708166666667        7.11249000000000      -0.180796924398808     
   1.48335208333333       2.000000000000000E-003 -0.457404927675444     
   1.48335208333333       0.298270416666667      -0.506676267951353     
   1.48335208333333       0.594540833333333      -0.554628561630450     
   1.48335208333333       0.890811250000000      -0.595676637180762     
   1.48335208333333        1.18708166666667      -0.623653031731386     
   1.48335208333333        1.48335208333333      -0.634870952433466     
   1.48335208333333        1.77962250000000      -0.630294162180313     
   1.48335208333333        2.07589291666667      -0.617437041472465     
   1.48335208333333        2.37216333333333      -0.595347459015963     
   1.48335208333333        2.66843375000000      -0.563555679327969     
   1.48335208333333        2.96470416666667      -0.523601793873364     
   1.48335208333333        3.26097458333333      -0.478393698771502     
   1.48335208333333        3.55724500000000      -0.433621921892022     
   1.48335208333333        3.85351541666667      -0.392462007632143     
   1.48335208333333        4.14978583333333      -0.356195225500874     
   1.48335208333333        4.44605625000000      -0.324400800114192     
   1.48335208333333        4.74232666666667      -0.296635130921569     
   1.48335208333333        5.03859708333333      -0.272659436051045     
   1.48335208333333        5.33486750000000      -0.252339128318491     
   1.48335208333333        5.63113791666667      -0.235356497419342     
   1.48335208333333        5.92740833333333      -0.221118839075124     
   1.48335208333333        6.22367875000000      -0.208935185108811     
   1.48335208333333        6.51994916666667      -0.198220339056158     
   1.48335208333333        6.81621958333333      -0.188556682663819     
   1.48335208333333        7.11249000000000      -0.179633352232213     
   1.77962250000000       2.000000000000000E-003 -0.447699007542944     
   1.77962250000000       0.298270416666667      -0.495738279842340     
   1.77962250000000       0.594540833333333      -0.543427336892678     
   1.77962250000000       0.890811250000000      -0.585186440877712     
   1.77962250000000        1.18708166666667      -0.615134474142103     
   1.77962250000000        1.48335208333333      -0.630293516901017     
   1.77962250000000        1.77962250000000      -0.635299234398622     
   1.77962250000000        2.07589291666667      -0.630448965550788     
   1.77962250000000        2.37216333333333      -0.615363727063141     
   1.77962250000000        2.66843375000000      -0.585473791209897     
   1.77962250000000        2.96470416666667      -0.543641221097016     
   1.77962250000000        3.26097458333333      -0.495907603238705     
   1.77962250000000        3.55724500000000      -0.447836125961971     
   1.77962250000000        3.85351541666667      -0.403633712341229     
   1.77962250000000        4.14978583333333      -0.364461247457661     
   1.77962250000000        4.44605625000000      -0.330263030675977     
   1.77962250000000        4.74232666666667      -0.300459007417620     
   1.77962250000000        5.03859708333333      -0.274877023906923     
   1.77962250000000        5.33486750000000      -0.253570685801761     
   1.77962250000000        5.63113791666667      -0.235986180066920     
   1.77962250000000        5.92740833333333      -0.221311647185177     
   1.77962250000000        6.22367875000000      -0.208726943019361     
   1.77962250000000        6.51994916666667      -0.197612042993533     
   1.77962250000000        6.81621958333333      -0.187611138500711     
   1.77962250000000        7.11249000000000      -0.178523063289989     
   2.07589291666667       2.000000000000000E-003 -0.433511131167008     
   2.07589291666667       0.298270416666667      -0.478259202322675     
   2.07589291666667       0.594540833333333      -0.523421618102623     
   2.07589291666667       0.890811250000000      -0.563398381235861     
   2.07589291666667        1.18708166666667      -0.595248024984190     
   2.07589291666667        1.48335208333333      -0.617435827178003     
   2.07589291666667        1.77962250000000      -0.630448368990275     
   2.07589291666667        2.07589291666667      -0.635185657262052     
   2.07589291666667        2.37216333333333      -0.624026798698480     
   2.07589291666667        2.66843375000000      -0.596068872349621     
   2.07589291666667        2.96470416666667      -0.554960384809096     
   2.07589291666667        3.26097458333333      -0.506908090761737     
   2.07589291666667        3.55724500000000      -0.457579323835507     
   2.07589291666667        3.85351541666667      -0.411153242498669     
   2.07589291666667        4.14978583333333      -0.369492878170149     
   2.07589291666667        4.44605625000000      -0.333159759045084     
   2.07589291666667        4.74232666666667      -0.301907727591721     
   2.07589291666667        5.03859708333333      -0.275457386931370     
   2.07589291666667        5.33486750000000      -0.253675265347091     
   2.07589291666667        5.63113791666667      -0.235886498597340     
   2.07589291666667        5.92740833333333      -0.221041236652411     
   2.07589291666667        6.22367875000000      -0.208227901028291     
   2.07589291666667        6.51994916666667      -0.196846776927491     
   2.07589291666667        6.81621958333333      -0.186633991759813     
   2.07589291666667        7.11249000000000      -0.177467287604722     
   2.37216333333333       2.000000000000000E-003 -0.416546839538716     
   2.37216333333333       0.298270416666667      -0.457445111539186     
   2.37216333333333       0.594540833333333      -0.499129110884008     
   2.37216333333333       0.890811250000000      -0.537875111868447     
   2.37216333333333        1.18708166666667      -0.570324691680806     
   2.37216333333333        1.48335208333333      -0.595345816915015     
   2.37216333333333        1.77962250000000      -0.615362644997311     
   2.37216333333333        2.07589291666667      -0.624026289241172     
   2.37216333333333        2.37216333333333      -0.616288293744804     
   2.37216333333333        2.66843375000000      -0.592444946767386     
   2.37216333333333        2.96470416666667      -0.555107368767553     
   2.37216333333333        3.26097458333333      -0.509670004611287     
   2.37216333333333        3.55724500000000      -0.461719291858361     
   2.37216333333333        3.85351541666667      -0.414570821591436     
   2.37216333333333        4.14978583333333      -0.370993912271877     
   2.37216333333333        4.44605625000000      -0.333122867479423     
   2.37216333333333        4.74232666666667      -0.301130682783001     
   2.37216333333333        5.03859708333333      -0.274450261315155     
   2.37216333333333        5.33486750000000      -0.252670864001806     
   2.37216333333333        5.63113791666667      -0.235104385681169     
   2.37216333333333        5.92740833333333      -0.220294183435928     
   2.37216333333333        6.22367875000000      -0.207375484358387     
   2.37216333333333        6.51994916666667      -0.195854556175581     
   2.37216333333333        6.81621958333333      -0.185554408547840     
   2.37216333333333        7.11249000000000      -0.176409484176039     
   2.66843375000000       2.000000000000000E-003 -0.398531208475278     
   2.66843375000000       0.298270416666667      -0.435374925918557     
   2.66843375000000       0.594540833333333      -0.472858941426447     
   2.66843375000000       0.890811250000000      -0.507859420901202     
   2.66843375000000        1.18708166666667      -0.537915666452268     
   2.66843375000000        1.48335208333333      -0.563553811172633     
   2.66843375000000        1.77962250000000      -0.585472418438758     
   2.66843375000000        2.07589291666667      -0.596068048370365     
   2.66843375000000        2.37216333333333      -0.592444639203980     
   2.66843375000000        2.66843375000000      -0.573715694162579     
   2.66843375000000        2.96470416666667      -0.541463564220044     
   2.66843375000000        3.26097458333333      -0.501979783231810     
   2.66843375000000        3.55724500000000      -0.459957491781423     
   2.66843375000000        3.85351541666667      -0.414076881798266     
   2.66843375000000        4.14978583333333      -0.369376544241314     
   2.66843375000000        4.44605625000000      -0.331164029351330     
   2.66843375000000        4.74232666666667      -0.299340213987929     
   2.66843375000000        5.03859708333333      -0.272859806676831     
   2.66843375000000        5.33486750000000      -0.251185166849845     
   2.66843375000000        5.63113791666667      -0.233746096545187     
   2.66843375000000        5.92740833333333      -0.219036208161328     
   2.66843375000000        6.22367875000000      -0.206062233822152     
   2.66843375000000        6.51994916666667      -0.194485769206963     
   2.66843375000000        6.81621958333333      -0.184220649192901     
   2.66843375000000        7.11249000000000      -0.175209268915109     
   2.96470416666667       2.000000000000000E-003 -0.378398646595661     
   2.96470416666667       0.298270416666667      -0.410531246576163     
   2.96470416666667       0.594540833333333      -0.442841157937351     
   2.96470416666667       0.890811250000000      -0.472871705301301     
   2.96470416666667        1.18708166666667      -0.499184039796515     
   2.96470416666667        1.48335208333333      -0.523599924214706     
   2.96470416666667        1.77962250000000      -0.543639801992840     
   2.96470416666667        2.07589291666667      -0.554959498596149     
   2.96470416666667        2.37216333333333      -0.555107032956728     
   2.96470416666667        2.66843375000000      -0.541463618742325     
   2.96470416666667        2.96470416666667      -0.514345173467676     
   2.96470416666667        3.26097458333333      -0.483384839154945     
   2.96470416666667        3.55724500000000      -0.453228629751529     
   2.96470416666667        3.85351541666667      -0.409991995035238     
   2.96470416666667        4.14978583333333      -0.366292655112485     
   2.96470416666667        4.44605625000000      -0.329594978156887     
   2.96470416666667        4.74232666666667      -0.298184274621755     
   2.96470416666667        5.03859708333333      -0.271563841184879     
   2.96470416666667        5.33486750000000      -0.249645799319738     
   2.96470416666667        5.63113791666667      -0.231893809294866     
   2.96470416666667        5.92740833333333      -0.217118335437833     
   2.96470416666667        6.22367875000000      -0.204101264182639     
   2.96470416666667        6.51994916666667      -0.192576033782891     
   2.96470416666667        6.81621958333333      -0.182489842777750     
   2.96470416666667        7.11249000000000      -0.173738388520842     
   3.26097458333333       2.000000000000000E-003 -0.356548264268532     
   3.26097458333333       0.298270416666667      -0.383657032993362     
   3.26097458333333       0.594540833333333      -0.410537773561256     
   3.26097458333333       0.890811250000000      -0.435394545129455     
   3.26097458333333        1.18708166666667      -0.457502972485283     
   3.26097458333333        1.48335208333333      -0.478392028493352     
   3.26097458333333        1.77962250000000      -0.495906340136651     
   3.26097458333333        2.07589291666667      -0.506907329413984     
   3.26097458333333        2.37216333333333      -0.509669805315848     
   3.26097458333333        2.66843375000000      -0.501980089516357     
   3.26097458333333        2.96470416666667      -0.483385349920866     
   3.26097458333333        3.26097458333333      -0.463476670330094     
   3.26097458333333        3.55724500000000      -0.442252544105326     
   3.26097458333333        3.85351541666667      -0.402773844838853     
   3.26097458333333        4.14978583333333      -0.366886916456586     
   3.26097458333333        4.44605625000000      -0.331075545864482     
   3.26097458333333        4.74232666666667      -0.298025780767427     
   3.26097458333333        5.03859708333333      -0.270049072626715     
   3.26097458333333        5.33486750000000      -0.247408543646790     
   3.26097458333333        5.63113791666667      -0.229229358335284     
   3.26097458333333        5.92740833333333      -0.214207535257028     
   3.26097458333333        6.22367875000000      -0.201229709540091     
   3.26097458333333        6.51994916666667      -0.189932204783427     
   3.26097458333333        6.81621958333333      -0.180213534265322     
   3.26097458333333        7.11249000000000      -0.171866003605187     
   3.55724500000000       2.000000000000000E-003 -0.334231959573471     
   3.55724500000000       0.298270416666667      -0.356555839183931     
   3.55724500000000       0.594540833333333      -0.378413534769819     
   3.55724500000000       0.890811250000000      -0.398558690542311     
   3.55724500000000        1.18708166666667      -0.416603759048176     
   3.55724500000000        1.48335208333333      -0.433620550525049     
   3.55724500000000        1.77962250000000      -0.447835116473533     
   3.55724500000000        2.07589291666667      -0.457578736947806     
   3.55724500000000        2.37216333333333      -0.461719156542903     
   3.55724500000000        2.66843375000000      -0.459957724790389     
   3.55724500000000        2.96470416666667      -0.453229016252798     
   3.55724500000000        3.26097458333333      -0.442252796951062     
   3.55724500000000        3.55724500000000      -0.415903232650719     
   3.55724500000000        3.85351541666667      -0.402902856506306     
   3.55724500000000        4.14978583333333      -0.371970021319583     
   3.55724500000000        4.44605625000000      -0.331551796123386     
   3.55724500000000        4.74232666666667      -0.295153083920477     
   3.55724500000000        5.03859708333333      -0.265783911175900     
   3.55724500000000        5.33486750000000      -0.242838066177165     
   3.55724500000000        5.63113791666667      -0.224734045684579     
   3.55724500000000        5.92740833333333      -0.209852706447021     
   3.55724500000000        6.22367875000000      -0.197212552225459     
   3.55724500000000        6.51994916666667      -0.186421660521098     
   3.55724500000000        6.81621958333333      -0.177296346189798     
   3.55724500000000        7.11249000000000      -0.169497602682273     
   3.85351541666667       2.000000000000000E-003 -0.312667456725006     
   3.85351541666667       0.298270416666667      -0.330835339071898     
   3.85351541666667       0.594540833333333      -0.348435883776330     
   3.85351541666667       0.890811250000000      -0.364615847705623     
   3.85351541666667        1.18708166666667      -0.379098350881923     
   3.85351541666667        1.48335208333333      -0.392460933286429     
   3.85351541666667        1.77962250000000      -0.403632944583441     
   3.85351541666667        2.07589291666667      -0.411152788359813     
   3.85351541666667        2.37216333333333      -0.414570638072282     
   3.85351541666667        2.66843375000000      -0.414076792174020     
   3.85351541666667        2.96470416666667      -0.409991745829701     
   3.85351541666667        3.26097458333333      -0.402773511627190     
   3.85351541666667        3.55724500000000      -0.402902366339369     
   3.85351541666667        3.85351541666667      -0.392119648183405     
   3.85351541666667        4.14978583333333      -0.359616018549349     
   3.85351541666667        4.44605625000000      -0.319675752064397     
   3.85351541666667        4.74232666666667      -0.284197789120167     
   3.85351541666667        5.03859708333333      -0.256104263769565     
   3.85351541666667        5.33486750000000      -0.234543275082286     
   3.85351541666667        5.63113791666667      -0.217697390247516     
   3.85351541666667        5.92740833333333      -0.203812261311049     
   3.85351541666667        6.22367875000000      -0.192011315530703     
   3.85351541666667        6.51994916666667      -0.182073789289181     
   3.85351541666667        6.81621958333333      -0.173765980745552     
   3.85351541666667        7.11249000000000      -0.166630925180445     
   4.14978583333333       2.000000000000000E-003 -0.292625539413541     
   4.14978583333333       0.298270416666667      -0.307372523646797     
   4.14978583333333       0.594540833333333      -0.321508226798789     
   4.14978583333333       0.890811250000000      -0.334439133625662     
   4.14978583333333        1.18708166666667      -0.345914032678188     
   4.14978583333333        1.48335208333333      -0.356194380740158     
   4.14978583333333        1.77962250000000      -0.364460658590826     
   4.14978583333333        2.07589291666667      -0.369492506798317     
   4.14978583333333        2.37216333333333      -0.370993685964487     
   4.14978583333333        2.66843375000000      -0.369376320398438     
   4.14978583333333        2.96470416666667      -0.366292318033491     
   4.14978583333333        3.26097458333333      -0.366886507207882     
   4.14978583333333        3.55724500000000      -0.371969358790005     
   4.14978583333333        3.85351541666667      -0.359615409297983     
   4.14978583333333        4.14978583333333      -0.329408953764012     
   4.14978583333333        4.44605625000000      -0.295464475945911     
   4.14978583333333        4.74232666666667      -0.265324878546002     
   4.14978583333333        5.03859708333333      -0.241308447058862     
   4.14978583333333        5.33486750000000      -0.222872734163167     
   4.14978583333333        5.63113791666667      -0.208481900777693     
   4.14978583333333        5.92740833333333      -0.196392793704354     
   4.14978583333333        6.22367875000000      -0.185906315613700     
   4.14978583333333        6.51994916666667      -0.177131020359184     
   4.14978583333333        6.81621958333333      -0.169803146885495     
   4.14978583333333        7.11249000000000      -0.163384878151389     
   4.44605625000000       2.000000000000000E-003 -0.274382099630054     
   4.44605625000000       0.298270416666667      -0.286359632914391     
   4.44605625000000       0.594540833333333      -0.297676373877463     
   4.44605625000000       0.890811250000000      -0.307908212985893     
   4.44605625000000        1.18708166666667      -0.316813896680461     
   4.44605625000000        1.48335208333333      -0.324400109659380     
   4.44605625000000        1.77962250000000      -0.330262556043212     
   4.44605625000000        2.07589291666667      -0.333159438616118     
   4.44605625000000        2.37216333333333      -0.333122629932525     
   4.44605625000000        2.66843375000000      -0.331163784624520     
   4.44605625000000        2.96470416666667      -0.329594646152537     
   4.44605625000000        3.26097458333333      -0.331075046861795     
   4.44605625000000        3.55724500000000      -0.331551027835860     
   4.44605625000000        3.85351541666667      -0.319674939303974     
   4.44605625000000        4.14978583333333      -0.295464041895115     
   4.44605625000000        4.44605625000000      -0.268184261262509     
   4.44605625000000        4.74232666666667      -0.243938230031558     
   4.44605625000000        5.03859708333333      -0.224611756212664     
   4.44605625000000        5.33486750000000      -0.209921942592392     
   4.44605625000000        5.63113791666667      -0.198551236166575     
   4.44605625000000        5.92740833333333      -0.188369464001437     
   4.44605625000000        6.22367875000000      -0.179438546581444     
   4.44605625000000        6.51994916666667      -0.171987097121448     
   4.44605625000000        6.81621958333333      -0.165683118496636     
   4.44605625000000        7.11249000000000      -0.159953340082544     
   4.74232666666667       2.000000000000000E-003 -0.257960808199282     
   4.74232666666667       0.298270416666667      -0.267676974698070     
   4.74232666666667       0.594540833333333      -0.276657035449779     
   4.74232666666667       0.890811250000000      -0.284599295681497     
   4.74232666666667        1.18708166666667      -0.291293751194532     
   4.74232666666667        1.48335208333333      -0.296634567524803     
   4.74232666666667        1.77962250000000      -0.300458607724655     
   4.74232666666667        2.07589291666667      -0.301907443912211     
   4.74232666666667        2.37216333333333      -0.301130449151426     
   4.74232666666667        2.66843375000000      -0.299339962016768     
   4.74232666666667        2.96470416666667      -0.298183928312854     
   4.74232666666667        3.26097458333333      -0.298025257202489     
   4.74232666666667        3.55724500000000      -0.295152357528545     
   4.74232666666667        3.85351541666667      -0.284197021353820     
   4.74232666666667        4.14978583333333      -0.265324328753116     
   4.74232666666667        4.44605625000000      -0.243937996739258     
   4.74232666666667        4.74232666666667      -0.224681212115665     
   4.74232666666667        5.03859708333333      -0.209425967683923     
   4.74232666666667        5.33486750000000      -0.198153081951332     
   4.74232666666667        5.63113791666667      -0.189125266425058     
   4.74232666666667        5.92740833333333      -0.180566748058854     
   4.74232666666667        6.22367875000000      -0.173184077999871     
   4.74232666666667        6.51994916666667      -0.167027633776824     
   4.74232666666667        6.81621958333333      -0.161660862807853     
   4.74232666666667        7.11249000000000      -0.156525511924897     
   5.03859708333333       2.000000000000000E-003 -0.243421185196839     
   5.03859708333333       0.298270416666667      -0.251253780577555     
   5.03859708333333       0.594540833333333      -0.258249277187822     
   5.03859708333333       0.890811250000000      -0.264234905548600     
   5.03859708333333        1.18708166666667      -0.269071444923672     
   5.03859708333333        1.48335208333333      -0.272659004244245     
   5.03859708333333        1.77962250000000      -0.274876691305058     
   5.03859708333333        2.07589291666667      -0.275457142398183     
   5.03859708333333        2.37216333333333      -0.274450050519455     
   5.03859708333333        2.66843375000000      -0.272859573565859     
   5.03859708333333        2.96470416666667      -0.271563528342479     
   5.03859708333333        3.26097458333333      -0.270048631103037     
   5.03859708333333        3.55724500000000      -0.265783344787944     
   5.03859708333333        3.85351541666667      -0.256103671830696     
   5.03859708333333        4.14978583333333      -0.241307973481604     
   5.03859708333333        4.44605625000000      -0.224611476186646     
   5.03859708333333        4.74232666666667      -0.209425860477839     
   5.03859708333333        5.03859708333333      -0.197549851424313     
   5.03859708333333        5.33486750000000      -0.188785691243055     
   5.03859708333333        5.63113791666667      -0.180711081659876     
   5.03859708333333        5.92740833333333      -0.173524576630521     
   5.03859708333333        6.22367875000000      -0.167504628685389     
   5.03859708333333        6.51994916666667      -0.162450793179773     
   5.03859708333333        6.81621958333333      -0.157870717231578     
   5.03859708333333        7.11249000000000      -0.153236124489985     
   5.33486750000000       2.000000000000000E-003 -0.230854369074110     
   5.33486750000000       0.298270416666667      -0.237114745551222     
   5.33486750000000       0.594540833333333      -0.242410256727974     
   5.33486750000000       0.890811250000000      -0.246722213386906     
   5.33486750000000        1.18708166666667      -0.250038725125791     
   5.33486750000000        1.48335208333333      -0.252338828032953     
   5.33486750000000        1.77962250000000      -0.253570440506110     
   5.33486750000000        2.07589291666667      -0.253675068572843     
   5.33486750000000        2.37216333333333      -0.252670691234745     
   5.33486750000000        2.66843375000000      -0.251184977391923     
   5.33486750000000        2.96470416666667      -0.249645556936974     
   5.33486750000000        3.26097458333333      -0.247408225517535     
   5.33486750000000        3.55724500000000      -0.242837681390260     
   5.33486750000000        3.85351541666667      -0.234542876273729     
   5.33486750000000        4.14978583333333      -0.222872393833144     
   5.33486750000000        4.44605625000000      -0.209921707371946     
   5.33486750000000        4.74232666666667      -0.198152956574042     
   5.33486750000000        5.03859708333333      -0.188785650514514     
   5.33486750000000        5.33486750000000      -0.180594987894058     
   5.33486750000000        5.63113791666667      -0.173432424743102     
   5.33486750000000        5.92740833333333      -0.167390443951165     
   5.33486750000000        6.22367875000000      -0.162472908239442     
   5.33486750000000        6.51994916666667      -0.158337541651616     
   5.33486750000000        6.81621958333333      -0.154421008195784     
   5.33486750000000        7.11249000000000      -0.150245815252134     
   5.63113791666667       2.000000000000000E-003 -0.220192678017926     
   5.63113791666667       0.298270416666667      -0.225131068829366     
   5.63113791666667       0.594540833333333      -0.228958999600498     
   5.63113791666667       0.890811250000000      -0.231870362000775     
   5.63113791666667        1.18708166666667      -0.233987748295154     
   5.63113791666667        1.48335208333333      -0.235356301019760     
   5.63113791666667        1.77962250000000      -0.235986016467492     
   5.63113791666667        2.07589291666667      -0.235886363138567     
   5.63113791666667        2.37216333333333      -0.235104257237093     
   5.63113791666667        2.66843375000000      -0.233745952453094     
   5.63113791666667        2.96470416666667      -0.231893633127233     
   5.63113791666667        3.26097458333333      -0.229229142303852     
   5.63113791666667        3.55724500000000      -0.224733798842115     
   5.63113791666667        3.85351541666667      -0.217697139097009     
   5.63113791666667        4.14978583333333      -0.208481680848926     
   5.63113791666667        4.44605625000000      -0.198551077046297     
   5.63113791666667        4.74232666666667      -0.189125178168952     
   5.63113791666667        5.03859708333333      -0.180711055413765     
   5.63113791666667        5.33486750000000      -0.173432435846076     
   5.63113791666667        5.63113791666667      -0.167257059749183     
   5.63113791666667        5.92740833333333      -0.162218826533597     
   5.63113791666667        6.22367875000000      -0.158227453308802     
   5.63113791666667        6.51994916666667      -0.154850942875854     
   5.63113791666667        6.81621958333333      -0.151481920370963     
   5.63113791666667        7.11249000000000      -0.147682074803034     
   5.92740833333333       2.000000000000000E-003 -0.211260536153484     
   5.92740833333333       0.298270416666667      -0.215055603351525     
   5.92740833333333       0.594540833333333      -0.217558607276015     
   5.92740833333333       0.890811250000000      -0.219279291432190     
   5.92740833333333        1.18708166666667      -0.220448731627379     
   5.92740833333333        1.48335208333333      -0.221118700999872     
   5.92740833333333        1.77962250000000      -0.221311536928227     
   5.92740833333333        2.07589291666667      -0.221041154111461     
   5.92740833333333        2.37216333333333      -0.220294104193106     
   5.92740833333333        2.66843375000000      -0.219036112109688     
   5.92740833333333        2.96470416666667      -0.217118214278183     
   5.92740833333333        3.26097458333333      -0.214207393046715     
   5.92740833333333        3.55724500000000      -0.209852556395852     
   5.92740833333333        3.85351541666667      -0.203812121486857     
   5.92740833333333        4.14978583333333      -0.196392682090631     
   5.92740833333333        4.44605625000000      -0.188369394082095     
   5.92740833333333        4.74232666666667      -0.180566727593735     
   5.92740833333333        5.03859708333333      -0.173524609116566     
   5.92740833333333        5.33486750000000      -0.167390524462234     
   5.92740833333333        5.63113791666667      -0.162218895168796     
   5.92740833333333        5.92740833333333      -0.158098069842840     
   5.92740833333333        6.22367875000000      -0.154878987690838     
   5.92740833333333        6.51994916666667      -0.152106520690707     
   5.92740833333333        6.81621958333333      -0.149142954642224     
   5.92740833333333        7.11249000000000      -0.145567942847531     
   6.22367875000000       2.000000000000000E-003 -0.203671548726090     
   6.22367875000000       0.298270416666667      -0.206391578049655     
   6.22367875000000       0.594540833333333      -0.207661125544547     
   6.22367875000000       0.890811250000000      -0.208423925241029     
   6.22367875000000        1.18708166666667      -0.208844421835846     
   6.22367875000000        1.48335208333333      -0.208935071909916     
   6.22367875000000        1.77962250000000      -0.208726864090485     
   6.22367875000000        2.07589291666667      -0.208227858156143     
   6.22367875000000        2.37216333333333      -0.207375449929811     
   6.22367875000000        2.66843375000000      -0.206062186952011     
   6.22367875000000        2.96470416666667      -0.204101200687320     
   6.22367875000000        3.26097458333333      -0.201229639004718     
   6.22367875000000        3.55724500000000      -0.197212490392678     
   6.22367875000000        3.85351541666667      -0.192011276263146     
   6.22367875000000        4.14978583333333      -0.185906306733439     
   6.22367875000000        4.44605625000000      -0.179438571612839     
   6.22367875000000        4.74232666666667      -0.173184142555404     
   6.22367875000000        5.03859708333333      -0.167504748749858     
   6.22367875000000        5.33486750000000      -0.162473080067760     
   6.22367875000000        5.63113791666667      -0.158227604221800     
   6.22367875000000        5.92740833333333      -0.154879067716541     
   6.22367875000000        6.22367875000000      -0.152305237892775     
   6.22367875000000        6.51994916666667      -0.150050512003190     
   6.22367875000000        6.81621958333333      -0.147352309386357     
   6.22367875000000        7.11249000000000      -0.143766459646499     
   6.51994916666667       2.000000000000000E-003 -0.196679066412196     
   6.51994916666667       0.298270416666667      -0.198310701209596     
   6.51994916666667       0.594540833333333      -0.198655010625992     
   6.51994916666667       0.890811250000000      -0.198821201108277     
   6.51994916666667        1.18708166666667      -0.198654798810390     
   6.51994916666667        1.48335208333333      -0.198220250157461     
   6.51994916666667        1.77962250000000      -0.197611995080861     
   6.51994916666667        2.07589291666667      -0.196846770732781     
   6.51994916666667        2.37216333333333      -0.195854563624206     
   6.51994916666667        2.66843375000000      -0.194485769817671     
   6.51994916666667        2.96470416666667      -0.192576026428957     
   6.51994916666667        3.26097458333333      -0.189932202540200     
   6.51994916666667        3.55724500000000      -0.186421680285922     
   6.51994916666667        3.85351541666667      -0.182073841699281     
   6.51994916666667        4.14978583333333      -0.177131106191826     
   6.51994916666667        4.44605625000000      -0.171987212311173     
   6.51994916666667        4.74232666666667      -0.167027781436093     
   6.51994916666667        5.03859708333333      -0.162450999591139     
   6.51994916666667        5.33486750000000      -0.158337778988616     
   6.51994916666667        5.63113791666667      -0.154851143387695     
   6.51994916666667        5.92740833333333      -0.152106649837121     
   6.51994916666667        6.22367875000000      -0.150050571988151     
   6.51994916666667        6.51994916666667      -0.148272379445511     
   6.51994916666667        6.81621958333333      -0.145814002012635     
   6.51994916666667        7.11249000000000      -0.141999355327756     
   6.81621958333333       2.000000000000000E-003 -0.188682258949610     
   6.81621958333333       0.298270416666667      -0.190056180015586     
   6.81621958333333       0.594540833333333      -0.190417013255600     
   6.81621958333333       0.890811250000000      -0.190164856735916     
   6.81621958333333        1.18708166666667      -0.189453391826910     
   6.81621958333333        1.48335208333333      -0.188556640612283     
   6.81621958333333        1.77962250000000      -0.187611135044538     
   6.81621958333333        2.07589291666667      -0.186634025917882     
   6.81621958333333        2.37216333333333      -0.185554454199850     
   6.81621958333333        2.66843375000000      -0.184220690352956     
   6.81621958333333        2.96470416666667      -0.182489882233378     
   6.81621958333333        3.26097458333333      -0.180213587924133     
   6.81621958333333        3.55724500000000      -0.177296431541444     
   6.81621958333333        3.85351541666667      -0.173766105744434     
   6.81621958333333        4.14978583333333      -0.169803307087377     
   6.81621958333333        4.44605625000000      -0.165683303564631     
   6.81621958333333        4.74232666666667      -0.161661071251855     
   6.81621958333333        5.03859708333333      -0.157870969231245     
   6.81621958333333        5.33486750000000      -0.154421263288742     
   6.81621958333333        5.63113791666667      -0.151482119351622     
   6.81621958333333        5.92740833333333      -0.149143078812885     
   6.81621958333333        6.22367875000000      -0.147352381832890     
   6.81621958333333        6.51994916666667      -0.145814050150850     
   6.81621958333333        6.81621958333333      -0.143555050096045     
   6.81621958333333        7.11249000000000      -0.139614427814610     
   7.11249000000000       2.000000000000000E-003 -0.178700627454552     
   7.11249000000000       0.298270416666667      -0.182204086984050     
   7.11249000000000       0.594540833333333      -0.182725547271981     
   7.11249000000000       0.890811250000000      -0.181920479539937     
   7.11249000000000        1.18708166666667      -0.180796929717269     
   7.11249000000000        1.48335208333333      -0.179633370794773     
   7.11249000000000        1.77962250000000      -0.178523109258583     
   7.11249000000000        2.07589291666667      -0.177467358569448     
   7.11249000000000        2.37216333333333      -0.176409555846528     
   7.11249000000000        2.66843375000000      -0.175209333730439     
   7.11249000000000        2.96470416666667      -0.173738454017319     
   7.11249000000000        3.26097458333333      -0.171866088288893     
   7.11249000000000        3.55724500000000      -0.169497724790295     
   7.11249000000000        3.85351541666667      -0.166631091236425     
   7.11249000000000        4.14978583333333      -0.163385080484799     
   7.11249000000000        4.44605625000000      -0.159953563462967     
   7.11249000000000        4.74232666666667      -0.156525748041134     
   7.11249000000000        5.03859708333333      -0.153236381567261     
   7.11249000000000        5.33486750000000      -0.150246049253189     
   7.11249000000000        5.63113791666667      -0.147682238566040     
   7.11249000000000        5.92740833333333      -0.145568023724131     
   7.11249000000000        6.22367875000000      -0.143766478839205     
   7.11249000000000        6.51994916666667      -0.141999340129229     
   7.11249000000000        6.81621958333333      -0.139614385533092     
   7.11249000000000        7.11249000000000      -0.135745043052098     
