  2.000000000000000E-003  2.000000000000000E-003  -2.09093463848235     
  2.000000000000000E-003  0.298270416666667       -1.94953287671042     
  2.000000000000000E-003  0.594540833333333       -1.69060589058042     
  2.000000000000000E-003  0.890811250000000       -1.32590560796482     
  2.000000000000000E-003   1.18708166666667       -1.01718497373527     
  2.000000000000000E-003   1.48335208333333      -0.796466815715566     
  2.000000000000000E-003   1.77962250000000      -0.641879208609133     
  2.000000000000000E-003   2.07589291666667      -0.531539748271362     
  2.000000000000000E-003   2.37216333333333      -0.451159795159538     
  2.000000000000000E-003   2.66843375000000      -0.391484616717770     
  2.000000000000000E-003   2.96470416666667      -0.346566307975104     
  2.000000000000000E-003   3.26097458333333      -0.312039755657002     
  2.000000000000000E-003   3.55724500000000      -0.284613244036880     
  2.000000000000000E-003   3.85351541666667      -0.262004881038308     
  2.000000000000000E-003   4.14978583333333      -0.242830750247351     
  2.000000000000000E-003   4.44605625000000      -0.226357524270826     
  2.000000000000000E-003   4.74232666666667      -0.212183147081447     
  2.000000000000000E-003   5.03859708333333      -0.199975355360196     
  2.000000000000000E-003   5.33486750000000      -0.189396767468662     
  2.000000000000000E-003   5.63113791666667      -0.180163315244761     
  2.000000000000000E-003   5.92740833333333      -0.172026322503948     
  2.000000000000000E-003   6.22367875000000      -0.164813666723511     
  2.000000000000000E-003   6.51994916666667      -0.158629414775807     
  2.000000000000000E-003   6.81621958333333      -0.153794684714943     
  2.000000000000000E-003   7.11249000000000      -0.148525599435805     
  0.298270416666667       2.000000000000000E-003  -1.94953294298330     
  0.298270416666667       0.298270416666667       -1.85146352958136     
  0.298270416666667       0.594540833333333       -1.59438688145837     
  0.298270416666667       0.890811250000000       -1.26378691377479     
  0.298270416666667        1.18708166666667      -0.982884561243345     
  0.298270416666667        1.48335208333333      -0.777333955423589     
  0.298270416666667        1.77962250000000      -0.630618774297662     
  0.298270416666667        2.07589291666667      -0.524522517855937     
  0.298270416666667        2.37216333333333      -0.446536570521405     
  0.298270416666667        2.66843375000000      -0.388312344331037     
  0.298270416666667        2.96470416666667      -0.344316935162057     
  0.298270416666667        3.26097458333333      -0.310391487644774     
  0.298270416666667        3.55724500000000      -0.283365649180583     
  0.298270416666667        3.85351541666667      -0.261032929308923     
  0.298270416666667        4.14978583333333      -0.242057348646059     
  0.298270416666667        4.44605625000000      -0.225733322510115     
  0.298270416666667        4.74232666666667      -0.211674883975918     
  0.298270416666667        5.03859708333333      -0.199565060698536     
  0.298270416666667        5.33486750000000      -0.189076435496649     
  0.298270416666667        5.63113791666667      -0.179950846083689     
  0.298270416666667        5.92740833333333      -0.171988363891475     
  0.298270416666667        6.22367875000000      -0.165114368688464     
  0.298270416666667        6.51994916666667      -0.159455701268460     
  0.298270416666667        6.81621958333333      -0.154501546932969     
  0.298270416666667        7.11249000000000      -0.148157148469443     
  0.594540833333333       2.000000000000000E-003  -1.69060606535325     
  0.594540833333333       0.298270416666667       -1.59438691543702     
  0.594540833333333       0.594540833333333       -1.36970409349119     
  0.594540833333333       0.890811250000000       -1.11595832191153     
  0.594540833333333        1.18708166666667      -0.896392079479705     
  0.594540833333333        1.48335208333333      -0.726826502048259     
  0.594540833333333        1.77962250000000      -0.599937429056974     
  0.594540833333333        2.07589291666667      -0.504979994848406     
  0.594540833333333        2.37216333333333      -0.433527159631306     
  0.594540833333333        2.66843375000000      -0.379338518173223     
  0.594540833333333        2.96470416666667      -0.337936140333945     
  0.594540833333333        3.26097458333333      -0.305704300344666     
  0.594540833333333        3.55724500000000      -0.279807512936185     
  0.594540833333333        3.85351541666667      -0.258252638602956     
  0.594540833333333        4.14978583333333      -0.239836826472810     
  0.594540833333333        4.44605625000000      -0.223930979421105     
  0.594540833333333        4.74232666666667      -0.210192830864054     
  0.594540833333333        5.03859708333333      -0.198340336034017     
  0.594540833333333        5.33486750000000      -0.188078817588025     
  0.594540833333333        5.63113791666667      -0.179176293798002     
  0.594540833333333        5.92740833333333      -0.171478391303944     
  0.594540833333333        6.22367875000000      -0.164880964550107     
  0.594540833333333        6.51994916666667      -0.159078481146802     
  0.594540833333333        6.81621958333333      -0.152922361167942     
  0.594540833333333        7.11249000000000      -0.146405370086326     
  0.890811250000000       2.000000000000000E-003  -1.32590596605051     
  0.890811250000000       0.298270416666667       -1.26378717257884     
  0.890811250000000       0.594540833333333       -1.11595849755062     
  0.890811250000000       0.890811250000000      -0.944861630948136     
  0.890811250000000        1.18708166666667      -0.788561047687141     
  0.890811250000000        1.48335208333333      -0.659384951819138     
  0.890811250000000        1.77962250000000      -0.556799704452108     
  0.890811250000000        2.07589291666667      -0.476562547346742     
  0.890811250000000        2.37216333333333      -0.414188341282989     
  0.890811250000000        2.66843375000000      -0.365862960634113     
  0.890811250000000        2.96470416666667      -0.328302528695817     
  0.890811250000000        3.26097458333333      -0.298605923815617     
  0.890811250000000        3.55724500000000      -0.274407831886447     
  0.890811250000000        3.85351541666667      -0.254025824233543     
  0.890811250000000        4.14978583333333      -0.236451676419644     
  0.890811250000000        4.44605625000000      -0.221168394121762     
  0.890811250000000        4.74232666666667      -0.207896736926301     
  0.890811250000000        5.03859708333333      -0.196400576459870     
  0.890811250000000        5.33486750000000      -0.186420994499747     
  0.890811250000000        5.63113791666667      -0.177730188175377     
  0.890811250000000        5.92740833333333      -0.170151642413094     
  0.890811250000000        6.22367875000000      -0.163462984478311     
  0.890811250000000        6.51994916666667      -0.157215594007416     
  0.890811250000000        6.81621958333333      -0.150839375827628     
  0.890811250000000        7.11249000000000      -0.144815547589940     
   1.18708166666667       2.000000000000000E-003  -1.01718552483544     
   1.18708166666667       0.298270416666667      -0.982885071006758     
   1.18708166666667       0.594540833333333      -0.896392491656255     
   1.18708166666667       0.890811250000000      -0.788561276209814     
   1.18708166666667        1.18708166666667      -0.682253165855318     
   1.18708166666667        1.48335208333333      -0.587926592644673     
   1.18708166666667        1.77962250000000      -0.508453917044449     
   1.18708166666667        2.07589291666667      -0.443396323835389     
   1.18708166666667        2.37216333333333      -0.391075602943205     
   1.18708166666667        2.66843375000000      -0.349509370045756     
   1.18708166666667        2.96470416666667      -0.316489136101195     
   1.18708166666667        3.26097458333333      -0.289845660744894     
   1.18708166666667        3.55724500000000      -0.267723120323575     
   1.18708166666667        3.85351541666667      -0.248783613188301     
   1.18708166666667        4.14978583333333      -0.232241187037573     
   1.18708166666667        4.44605625000000      -0.217712538761174     
   1.18708166666667        4.74232666666667      -0.204993901574643     
   1.18708166666667        5.03859708333333      -0.193898238116405     
   1.18708166666667        5.33486750000000      -0.184205577808917     
   1.18708166666667        5.63113791666667      -0.175694706272972     
   1.18708166666667        5.92740833333333      -0.168167444158411     
   1.18708166666667        6.22367875000000      -0.161386222086232     
   1.18708166666667        6.51994916666667      -0.155035390579128     
   1.18708166666667        6.81621958333333      -0.148915859634409     
   1.18708166666667        7.11249000000000      -0.143290662739031     
   1.48335208333333       2.000000000000000E-003 -0.796467476866034     
   1.48335208333333       0.298270416666667      -0.777334612575047     
   1.48335208333333       0.594540833333333      -0.726827077729399     
   1.48335208333333       0.890811250000000      -0.659385365397935     
   1.48335208333333        1.18708166666667      -0.587926797064176     
   1.48335208333333        1.48335208333333      -0.520354446714544     
   1.48335208333333        1.77962250000000      -0.460327711799946     
   1.48335208333333        2.07589291666667      -0.409062507849045     
   1.48335208333333        2.37216333333333      -0.366479905552667     
   1.48335208333333        2.66843375000000      -0.331692788225498     
   1.48335208333333        2.96470416666667      -0.303367212382587     
   1.48335208333333        3.26097458333333      -0.280042618816098     
   1.48335208333333        3.55724500000000      -0.260224594679120     
   1.48335208333333        3.85351541666667      -0.242898813840692     
   1.48335208333333        4.14978583333333      -0.227492520610440     
   1.48335208333333        4.44605625000000      -0.213794219957073     
   1.48335208333333        4.74232666666667      -0.201676849918244     
   1.48335208333333        5.03859708333333      -0.191003007718099     
   1.48335208333333        5.33486750000000      -0.181595098202577     
   1.48335208333333        5.63113791666667      -0.173264502603669     
   1.48335208333333        5.92740833333333      -0.165825639162704     
   1.48335208333333        6.22367875000000      -0.159091351307106     
   1.48335208333333        6.51994916666667      -0.152865088396980     
   1.48335208333333        6.81621958333333      -0.147044919577666     
   1.48335208333333        7.11249000000000      -0.141702424814548     
   1.77962250000000       2.000000000000000E-003 -0.641879851291948     
   1.77962250000000       0.298270416666667      -0.630619443568434     
   1.77962250000000       0.594540833333333      -0.599938056647838     
   1.77962250000000       0.890811250000000      -0.556800218601805     
   1.77962250000000        1.18708166666667      -0.508454266581982     
   1.77962250000000        1.48335208333333      -0.460327882368997     
   1.77962250000000        1.77962250000000      -0.415630109807577     
   1.77962250000000        2.07589291666667      -0.376007625992959     
   1.77962250000000        2.37216333333333      -0.341963396437315     
   1.77962250000000        2.66843375000000      -0.313537212352926     
   1.77962250000000        2.96470416666667      -0.289932687753031     
   1.77962250000000        3.26097458333333      -0.269972307386747     
   1.77962250000000        3.55724500000000      -0.252530836519205     
   1.77962250000000        3.85351541666667      -0.236814305118571     
   1.77962250000000        4.14978583333333      -0.222522234041597     
   1.77962250000000        4.44605625000000      -0.209614897817695     
   1.77962250000000        4.74232666666667      -0.198089757289102     
   1.77962250000000        5.03859708333333      -0.187856162111386     
   1.77962250000000        5.33486750000000      -0.178745376098191     
   1.77962250000000        5.63113791666667      -0.170615739102154     
   1.77962250000000        5.92740833333333      -0.163330490531346     
   1.77962250000000        6.22367875000000      -0.156750101151175     
   1.77962250000000        6.51994916666667      -0.150733681176919     
   1.77962250000000        6.81621958333333      -0.145184476601169     
   1.77962250000000        7.11249000000000      -0.140074498472805     
   2.07589291666667       2.000000000000000E-003 -0.531540307845891     
   2.07589291666667       0.298270416666667      -0.524523127577947     
   2.07589291666667       0.594540833333333      -0.504980610522683     
   2.07589291666667       0.890811250000000      -0.476563109531482     
   2.07589291666667        1.18708166666667      -0.443396783899552     
   2.07589291666667        1.48335208333333      -0.409062832536164     
   2.07589291666667        1.77962250000000      -0.376007794959139     
   2.07589291666667        2.07589291666667      -0.345627205199841     
   2.07589291666667        2.37216333333333      -0.319005397471599     
   2.07589291666667        2.66843375000000      -0.296327072564090     
   2.07589291666667        2.96470416666667      -0.277081877830117     
   2.07589291666667        3.26097458333333      -0.260332801943436     
   2.07589291666667        3.55724500000000      -0.245120782061864     
   2.07589291666667        3.85351541666667      -0.230870794563745     
   2.07589291666667        4.14978583333333      -0.217554766802282     
   2.07589291666667        4.44605625000000      -0.205362460558254     
   2.07589291666667        4.74232666666667      -0.194384044909768     
   2.07589291666667        5.03859708333333      -0.184563698907360     
   2.07589291666667        5.33486750000000      -0.175766617092254     
   2.07589291666667        5.63113791666667      -0.167869494492691     
   2.07589291666667        5.92740833333333      -0.160787953791626     
   2.07589291666667        6.22367875000000      -0.154420635771088     
   2.07589291666667        6.51994916666667      -0.148642757922895     
   2.07589291666667        6.81621958333333      -0.143345490586103     
   2.07589291666667        7.11249000000000      -0.138444416217535     
   2.37216333333333       2.000000000000000E-003 -0.451160319182553     
   2.37216333333333       0.298270416666667      -0.446537156879052     
   2.37216333333333       0.594540833333333      -0.433527790684455     
   2.37216333333333       0.890811250000000      -0.414188973624805     
   2.37216333333333        1.18708166666667      -0.391076179602436     
   2.37216333333333        1.48335208333333      -0.366480375613770     
   2.37216333333333        1.77962250000000      -0.341963729908776     
   2.37216333333333        2.07589291666667      -0.319005559887492     
   2.37216333333333        2.37216333333333      -0.298533913651302     
   2.37216333333333        2.66843375000000      -0.280741337212689     
   2.37216333333333        2.96470416666667      -0.265328870410381     
   2.37216333333333        3.26097458333333      -0.251503211545432     
   2.37216333333333        3.55724500000000      -0.238263166494762     
   2.37216333333333        3.85351541666667      -0.225184510895472     
   2.37216333333333        4.14978583333333      -0.212640464771745     
   2.37216333333333        4.44605625000000      -0.201080041736302     
   2.37216333333333        4.74232666666667      -0.190622456063003     
   2.37216333333333        5.03859708333333      -0.181202462557424     
   2.37216333333333        5.33486750000000      -0.172718313823040     
   2.37216333333333        5.63113791666667      -0.165081291718791     
   2.37216333333333        5.92740833333333      -0.158234216352600     
   2.37216333333333        6.22367875000000      -0.152106041982352     
   2.37216333333333        6.51994916666667      -0.146580405342655     
   2.37216333333333        6.81621958333333      -0.141524117531076     
   2.37216333333333        7.11249000000000      -0.136829613569685     
   2.66843375000000       2.000000000000000E-003 -0.391485136197155     
   2.66843375000000       0.298270416666667      -0.388312940405738     
   2.66843375000000       0.594540833333333      -0.379339185950476     
   2.66843375000000       0.890811250000000      -0.365863660620793     
   2.66843375000000        1.18708166666667      -0.349510039872141     
   2.66843375000000        1.48335208333333      -0.331693372002197     
   2.66843375000000        1.77962250000000      -0.313537662880506     
   2.66843375000000        2.07589291666667      -0.296327345680330     
   2.66843375000000        2.37216333333333      -0.280741451800586     
   2.66843375000000        2.66843375000000      -0.266982901642718     
   2.66843375000000        2.96470416666667      -0.254839231057314     
   2.66843375000000        3.26097458333333      -0.243557815585589     
   2.66843375000000        3.55724500000000      -0.231930024510920     
   2.66843375000000        3.85351541666667      -0.219623478114322     
   2.66843375000000        4.14978583333333      -0.207704204321431     
   2.66843375000000        4.44605625000000      -0.196771293761261     
   2.66843375000000        4.74232666666667      -0.186819502395071     
   2.66843375000000        5.03859708333333      -0.177782173419929     
   2.66843375000000        5.33486750000000      -0.169608495908243     
   2.66843375000000        5.63113791666667      -0.162251549948064     
   2.66843375000000        5.92740833333333      -0.155668203844850     
   2.66843375000000        6.22367875000000      -0.149793813686471     
   2.66843375000000        6.51994916666667      -0.144513447369072     
   2.66843375000000        6.81621958333333      -0.139684313596474     
   2.66843375000000        7.11249000000000      -0.135187002132681     
   2.96470416666667       2.000000000000000E-003 -0.346566780908895     
   2.96470416666667       0.298270416666667      -0.344317497407564     
   2.96470416666667       0.594540833333333      -0.337936794458987     
   2.96470416666667       0.890811250000000      -0.328303237052889     
   2.96470416666667        1.18708166666667      -0.316489833595061     
   2.96470416666667        1.48335208333333      -0.303367841648448     
   2.96470416666667        1.77962250000000      -0.289933173062718     
   2.96470416666667        2.07589291666667      -0.277082186538968     
   2.96470416666667        2.37216333333333      -0.265329041948299     
   2.96470416666667        2.66843375000000      -0.254839323023244     
   2.96470416666667        2.96470416666667      -0.245336003093793     
   2.96470416666667        3.26097458333333      -0.236075385750293     
   2.96470416666667        3.55724500000000      -0.225683167699328     
   2.96470416666667        3.85351541666667      -0.213853703898406     
   2.96470416666667        4.14978583333333      -0.202715449483995     
   2.96470416666667        4.44605625000000      -0.192465913298029     
   2.96470416666667        4.74232666666667      -0.182958039282201     
   2.96470416666667        5.03859708333333      -0.174261787895267     
   2.96470416666667        5.33486750000000      -0.166392906370323     
   2.96470416666667        5.63113791666667      -0.159333405680330     
   2.96470416666667        5.92740833333333      -0.153046195586716     
   2.96470416666667        6.22367875000000      -0.147444218175813     
   2.96470416666667        6.51994916666667      -0.142413017720832     
   2.96470416666667        6.81621958333333      -0.137806748687059     
   2.96470416666667        7.11249000000000      -0.133504312425110     
   3.26097458333333       2.000000000000000E-003 -0.312040098352723     
   3.26097458333333       0.298270416666667      -0.310391929419131     
   3.26097458333333       0.594540833333333      -0.305704850938750     
   3.26097458333333       0.890811250000000      -0.298606549236783     
   3.26097458333333        1.18708166666667      -0.289846296040417     
   3.26097458333333        1.48335208333333      -0.280043196723960     
   3.26097458333333        1.77962250000000      -0.269972745785221     
   3.26097458333333        2.07589291666667      -0.260333078011772     
   3.26097458333333        2.37216333333333      -0.251503382246006     
   3.26097458333333        2.66843375000000      -0.243557967790748     
   3.26097458333333        2.96470416666667      -0.236075538868571     
   3.26097458333333        3.26097458333333      -0.227868021201301     
   3.26097458333333        3.55724500000000      -0.218109566849418     
   3.26097458333333        3.85351541666667      -0.207695896544938     
   3.26097458333333        4.14978583333333      -0.197750216384648     
   3.26097458333333        4.44605625000000      -0.187981020009915     
   3.26097458333333        4.74232666666667      -0.178857584310278     
   3.26097458333333        5.03859708333333      -0.170532093540020     
   3.26097458333333        5.33486750000000      -0.163006509200644     
   3.26097458333333        5.63113791666667      -0.156273756222212     
   3.26097458333333        5.92740833333333      -0.150307177650872     
   3.26097458333333        6.22367875000000      -0.144995018674961     
   3.26097458333333        6.51994916666667      -0.140219697412936     
   3.26097458333333        6.81621958333333      -0.135838444530468     
   3.26097458333333        7.11249000000000      -0.131734983389037     
   3.55724500000000       2.000000000000000E-003 -0.284613385289368     
   3.55724500000000       0.298270416666667      -0.283365894984049     
   3.55724500000000       0.594540833333333      -0.279807879983167     
   3.55724500000000       0.890811250000000      -0.274408292724839     
   3.55724500000000        1.18708166666667      -0.267723614353618     
   3.55724500000000        1.48335208333333      -0.260225051534637     
   3.55724500000000        1.77962250000000      -0.252531177529241     
   3.55724500000000        2.07589291666667      -0.245120991108852     
   3.55724500000000        2.37216333333333      -0.238263293739663     
   3.55724500000000        2.66843375000000      -0.231930137933807     
   3.55724500000000        2.96470416666667      -0.225683288597039     
   3.55724500000000        3.26097458333333      -0.218109610472029     
   3.55724500000000        3.55724500000000      -0.208315635460747     
   3.55724500000000        3.85351541666667      -0.200905101979205     
   3.55724500000000        4.14978583333333      -0.191406368784334     
   3.55724500000000        4.44605625000000      -0.182456063426878     
   3.55724500000000        4.74232666666667      -0.174165544003038     
   3.55724500000000        5.03859708333333      -0.166461403413508     
   3.55724500000000        5.33486750000000      -0.159396604793300     
   3.55724500000000        5.63113791666667      -0.153037547514032     
   3.55724500000000        5.92740833333333      -0.147410910891366     
   3.55724500000000        6.22367875000000      -0.142398642325706     
   3.55724500000000        6.51994916666667      -0.137883471566845     
   3.55724500000000        6.81621958333333      -0.133730786124885     
   3.55724500000000        7.11249000000000      -0.129834017049266     
   3.85351541666667       2.000000000000000E-003 -0.262004807127674     
   3.85351541666667       0.298270416666667      -0.261032958967967     
   3.85351541666667       0.594540833333333      -0.258252792942530     
   3.85351541666667       0.890811250000000      -0.254026084107052     
   3.85351541666667        1.18708166666667      -0.248783927504035     
   3.85351541666667        1.48335208333333      -0.242899119689720     
   3.85351541666667        1.77962250000000      -0.236814540298958     
   3.85351541666667        2.07589291666667      -0.230870944690639     
   3.85351541666667        2.37216333333333      -0.225184606756906     
   3.85351541666667        2.66843375000000      -0.219623542166399     
   3.85351541666667        2.96470416666667      -0.213853720084703     
   3.85351541666667        3.26097458333333      -0.207695923010283     
   3.85351541666667        3.55724500000000      -0.200905155651903     
   3.85351541666667        3.85351541666667      -0.191143740909398     
   3.85351541666667        4.14978583333333      -0.182678198932012     
   3.85351541666667        4.44605625000000      -0.175776894417932     
   3.85351541666667        4.74232666666667      -0.168901236057473     
   3.85351541666667        5.03859708333333      -0.162070147450922     
   3.85351541666667        5.33486750000000      -0.155577999870841     
   3.85351541666667        5.63113791666667      -0.149639375072395     
   3.85351541666667        5.92740833333333      -0.144360905290706     
   3.85351541666667        6.22367875000000      -0.139651228845566     
   3.85351541666667        6.51994916666667      -0.135397012800357     
   3.85351541666667        6.81621958333333      -0.131475600292647     
   3.85351541666667        7.11249000000000      -0.127793670472065     
   4.14978583333333       2.000000000000000E-003 -0.242830511189288     
   4.14978583333333       0.298270416666667      -0.242057205328584     
   4.14978583333333       0.594540833333333      -0.239836799601090     
   4.14978583333333       0.890811250000000      -0.236451753462421     
   4.14978583333333        1.18708166666667      -0.232241329243361     
   4.14978583333333        1.48335208333333      -0.227492683033894     
   4.14978583333333        1.77962250000000      -0.222522375484821     
   4.14978583333333        2.07589291666667      -0.217554878150372     
   4.14978583333333        2.37216333333333      -0.212640563966952     
   4.14978583333333        2.66843375000000      -0.207704297549146     
   4.14978583333333        2.96470416666667      -0.202715531897485     
   4.14978583333333        3.26097458333333      -0.197750346541266     
   4.14978583333333        3.55724500000000      -0.191406533226226     
   4.14978583333333        3.85351541666667      -0.182678261920263     
   4.14978583333333        4.14978583333333      -0.175365340925529     
   4.14978583333333        4.44605625000000      -0.169481316254391     
   4.14978583333333        4.74232666666667      -0.163593581254964     
   4.14978583333333        5.03859708333333      -0.157541100639128     
   4.14978583333333        5.33486750000000      -0.151623389239524     
   4.14978583333333        5.63113791666667      -0.146122398439514     
   4.14978583333333        5.92740833333333      -0.141201868460144     
   4.14978583333333        6.22367875000000      -0.136797085343550     
   4.14978583333333        6.51994916666667      -0.132803446411488     
   4.14978583333333        6.81621958333333      -0.129114871029434     
   4.14978583333333        7.11249000000000      -0.125653630637964     
   4.44605625000000       2.000000000000000E-003 -0.226357205572400     
   4.44605625000000       0.298270416666667      -0.225733085639422     
   4.44605625000000       0.594540833333333      -0.223930839804697     
   4.44605625000000       0.890811250000000      -0.221168341783484     
   4.44605625000000        1.18708166666667      -0.217712545728933     
   4.44605625000000        1.48335208333333      -0.213794258403498     
   4.44605625000000        1.77962250000000      -0.209614953089088     
   4.44605625000000        2.07589291666667      -0.205362527886741     
   4.44605625000000        2.37216333333333      -0.201080128194807     
   4.44605625000000        2.66843375000000      -0.196771392633918     
   4.44605625000000        2.96470416666667      -0.192466000162105     
   4.44605625000000        3.26097458333333      -0.187981083085651     
   4.44605625000000        3.55724500000000      -0.182456091367275     
   4.44605625000000        3.85351541666667      -0.175776876024316     
   4.44605625000000        4.14978583333333      -0.169481290071660     
   4.44605625000000        4.44605625000000      -0.163925912344621     
   4.44605625000000        4.74232666666667      -0.158499860456072     
   4.44605625000000        5.03859708333333      -0.153005795202204     
   4.44605625000000        5.33486750000000      -0.147603704840644     
   4.44605625000000        5.63113791666667      -0.142548458733565     
   4.44605625000000        5.92740833333333      -0.138002314050281     
   4.44605625000000        6.22367875000000      -0.133908325966100     
   4.44605625000000        6.51994916666667      -0.130175798167315     
   4.44605625000000        6.81621958333333      -0.126721331225791     
   4.44605625000000        7.11249000000000      -0.123483514046180     
   4.74232666666667       2.000000000000000E-003 -0.212182819077370     
   4.74232666666667       0.298270416666667      -0.211674620338913     
   4.74232666666667       0.594540833333333      -0.210192641380033     
   4.74232666666667       0.890811250000000      -0.207896610897724     
   4.74232666666667        1.18708166666667      -0.204993816597320     
   4.74232666666667        1.48335208333333      -0.201676788629673     
   4.74232666666667        1.77962250000000      -0.198089722821055     
   4.74232666666667        2.07589291666667      -0.194384041035003     
   4.74232666666667        2.37216333333333      -0.190622480651357     
   4.74232666666667        2.66843375000000      -0.186819538286792     
   4.74232666666667        2.96470416666667      -0.182958051478555     
   4.74232666666667        3.26097458333333      -0.178857546512138     
   4.74232666666667        3.55724500000000      -0.174165464563055     
   4.74232666666667        3.85351541666667      -0.168901151456800     
   4.74232666666667        4.14978583333333      -0.163593526981975     
   4.74232666666667        4.44605625000000      -0.158499842239741     
   4.74232666666667        4.74232666666667      -0.153484649162766     
   4.74232666666667        5.03859708333333      -0.148469262395163     
   4.74232666666667        5.33486750000000      -0.143560447826261     
   4.74232666666667        5.63113791666667      -0.138981839878871     
   4.74232666666667        5.92740833333333      -0.134832426069159     
   4.74232666666667        6.22367875000000      -0.131053721937375     
   4.74232666666667        6.51994916666667      -0.127582950173116     
   4.74232666666667        6.81621958333333      -0.124363893940421     
   4.74232666666667        7.11249000000000      -0.121350473741041     
   5.03859708333333       2.000000000000000E-003 -0.199975027918227     
   5.03859708333333       0.298270416666667      -0.199564781651564     
   5.03859708333333       0.594540833333333      -0.198340117744306     
   5.03859708333333       0.890811250000000      -0.196400409428124     
   5.03859708333333        1.18708166666667      -0.193898096339948     
   5.03859708333333        1.48335208333333      -0.191002874062440     
   5.03859708333333        1.77962250000000      -0.187856040082267     
   5.03859708333333        2.07589291666667      -0.184563606034141     
   5.03859708333333        2.37216333333333      -0.181202396012554     
   5.03859708333333        2.66843375000000      -0.177782115671200     
   5.03859708333333        2.96470416666667      -0.174261713305537     
   5.03859708333333        3.26097458333333      -0.170531989114677     
   5.03859708333333        3.55724500000000      -0.166461285572309     
   5.03859708333333        3.85351541666667      -0.162070050254686     
   5.03859708333333        4.14978583333333      -0.157541045815572     
   5.03859708333333        4.44605625000000      -0.153005776805198     
   5.03859708333333        4.74232666666667      -0.148469260086643     
   5.03859708333333        5.03859708333333      -0.143948908134478     
   5.03859708333333        5.33486750000000      -0.139566546088908     
   5.03859708333333        5.63113791666667      -0.135496363375617     
   5.03859708333333        5.92740833333333      -0.131741382019353     
   5.03859708333333        6.22367875000000      -0.128272083525833     
   5.03859708333333        6.51994916666667      -0.125059795271599     
   5.03859708333333        6.81621958333333      -0.122083341056620     
   5.03859708333333        7.11249000000000      -0.119297284292410     
   5.33486750000000       2.000000000000000E-003 -0.189396450258212     
   5.33486750000000       0.298270416666667      -0.189076152562309     
   5.33486750000000       0.594540833333333      -0.188078586217752     
   5.33486750000000       0.890811250000000      -0.186420807861684     
   5.33486750000000        1.18708166666667      -0.184205408870448     
   5.33486750000000        1.48335208333333      -0.181594924503637     
   5.33486750000000        1.77962250000000      -0.178745198791351     
   5.33486750000000        2.07589291666667      -0.175766451866511     
   5.33486750000000        2.37216333333333      -0.172718170163848     
   5.33486750000000        2.66843375000000      -0.169608363215422     
   5.33486750000000        2.96470416666667      -0.166392772179375     
   5.33486750000000        3.26097458333333      -0.163006372781865     
   5.33486750000000        3.55724500000000      -0.159396483066458     
   5.33486750000000        3.85351541666667      -0.155577913347667     
   5.33486750000000        4.14978583333333      -0.151623345534994     
   5.33486750000000        4.44605625000000      -0.147603691145930     
   5.33486750000000        4.74232666666667      -0.143560443872484     
   5.33486750000000        5.03859708333333      -0.139566541771708     
   5.33486750000000        5.33486750000000      -0.135745003800851     
   5.33486750000000        5.63113791666667      -0.132137408990979     
   5.33486750000000        5.92740833333333      -0.128747841968080     
   5.33486750000000        6.22367875000000      -0.125603204371161     
   5.33486750000000        6.51994916666667      -0.122684756022880     
   5.33486750000000        6.81621958333333      -0.119958009855410     
   5.33486750000000        7.11249000000000      -0.117388087370644     
   5.63113791666667       2.000000000000000E-003 -0.180163040359418     
   5.63113791666667       0.298270416666667      -0.179950588632873     
   5.63113791666667       0.594540833333333      -0.179176073408108     
   5.63113791666667       0.890811250000000      -0.177730008211613     
   5.63113791666667        1.18708166666667      -0.175694542754159     
   5.63113791666667        1.48335208333333      -0.173264325716395     
   5.63113791666667        1.77962250000000      -0.170615546560845     
   5.63113791666667        2.07589291666667      -0.167869307342486     
   5.63113791666667        2.37216333333333      -0.165081123191114     
   5.63113791666667        2.66843375000000      -0.162251399259256     
   5.63113791666667        2.96470416666667      -0.159333264960569     
   5.63113791666667        3.26097458333333      -0.156273629464491     
   5.63113791666667        3.55724500000000      -0.153037446473479     
   5.63113791666667        3.85351541666667      -0.149639310586691     
   5.63113791666667        4.14978583333333      -0.146122366857711     
   5.63113791666667        4.44605625000000      -0.142548443424651     
   5.63113791666667        4.74232666666667      -0.138981827425212     
   5.63113791666667        5.03859708333333      -0.135496351906792     
   5.63113791666667        5.33486750000000      -0.132137402668614     
   5.63113791666667        5.63113791666667      -0.128927785501446     
   5.63113791666667        5.92740833333333      -0.125928138299141     
   5.63113791666667        6.22367875000000      -0.123140961529084     
   5.63113791666667        6.51994916666667      -0.120529399001747     
   5.63113791666667        6.81621958333333      -0.118042247580726     
   5.63113791666667        7.11249000000000      -0.115649903200451     
   5.92740833333333       2.000000000000000E-003 -0.172026100607627     
   5.92740833333333       0.298270416666667      -0.171988127793862     
   5.92740833333333       0.594540833333333      -0.171478169903578     
   5.92740833333333       0.890811250000000      -0.170151458588508     
   5.92740833333333        1.18708166666667      -0.168167283222211     
   5.92740833333333        1.48335208333333      -0.165825472795438     
   5.92740833333333        1.77962250000000      -0.163330309826965     
   5.92740833333333        2.07589291666667      -0.160787781213049     
   5.92740833333333        2.37216333333333      -0.158234067971546     
   5.92740833333333        2.66843375000000      -0.155668080541159     
   5.92740833333333        2.96470416666667      -0.153046093567110     
   5.92740833333333        3.26097458333333      -0.150307095901728     
   5.92740833333333        3.55724500000000      -0.147410852003088     
   5.92740833333333        3.85351541666667      -0.144360869325719     
   5.92740833333333        4.14978583333333      -0.141201848348218     
   5.92740833333333        4.44605625000000      -0.138002299054238     
   5.92740833333333        4.74232666666667      -0.134832409430722     
   5.92740833333333        5.03859708333333      -0.131741365217378     
   5.92740833333333        5.33486750000000      -0.128747831344466     
   5.92740833333333        5.63113791666667      -0.125928123759745     
   5.92740833333333        5.92740833333333      -0.123324100671374     
   5.92740833333333        6.22367875000000      -0.120918119755629     
   5.92740833333333        6.51994916666667      -0.118636317955242     
   5.92740833333333        6.81621958333333      -0.116371557993793     
   5.92740833333333        7.11249000000000      -0.114093725148085     
   6.22367875000000       2.000000000000000E-003 -0.164813493811095     
   6.22367875000000       0.298270416666667      -0.165114124157777     
   6.22367875000000       0.594540833333333      -0.164880708187176     
   6.22367875000000       0.890811250000000      -0.163462766992980     
   6.22367875000000        1.18708166666667      -0.161386035423523     
   6.22367875000000        1.48335208333333      -0.159091173205163     
   6.22367875000000        1.77962250000000      -0.156749927254797     
   6.22367875000000        2.07589291666667      -0.154420486306236     
   6.22367875000000        2.37216333333333      -0.152105928149708     
   6.22367875000000        2.66843375000000      -0.149793727974730     
   6.22367875000000        2.96470416666667      -0.147444152470651     
   6.22367875000000        3.26097458333333      -0.144994969444490     
   6.22367875000000        3.55724500000000      -0.142398608904633     
   6.22367875000000        3.85351541666667      -0.139651208610871     
   6.22367875000000        4.14978583333333      -0.136797071829764     
   6.22367875000000        4.44605625000000      -0.133908311511572     
   6.22367875000000        4.74232666666667      -0.131053702659056     
   6.22367875000000        5.03859708333333      -0.128272063194558     
   6.22367875000000        5.33486750000000      -0.125603174986256     
   6.22367875000000        5.63113791666667      -0.123140905600091     
   6.22367875000000        5.92740833333333      -0.120918068220376     
   6.22367875000000        6.22367875000000      -0.118923803446365     
   6.22367875000000        6.51994916666667      -0.117034975076729     
   6.22367875000000        6.81621958333333      -0.114986797945887     
   6.22367875000000        7.11249000000000      -0.112710175622250     
   6.51994916666667       2.000000000000000E-003 -0.158629301124736     
   6.51994916666667       0.298270416666667      -0.159455445537068     
   6.51994916666667       0.594540833333333      -0.159078200188849     
   6.51994916666667       0.890811250000000      -0.157215343745767     
   6.51994916666667        1.18708166666667      -0.155035162624790     
   6.51994916666667        1.48335208333333      -0.152864875220549     
   6.51994916666667        1.77962250000000      -0.150733492846299     
   6.51994916666667        2.07589291666667      -0.148642616843444     
   6.51994916666667        2.37216333333333      -0.146580317747083     
   6.51994916666667        2.66843375000000      -0.144513389756940     
   6.51994916666667        2.96470416666667      -0.142412974786102     
   6.51994916666667        3.26097458333333      -0.140219663532308     
   6.51994916666667        3.55724500000000      -0.137883446266732     
   6.51994916666667        3.85351541666667      -0.135396994994606     
   6.51994916666667        4.14978583333333      -0.132803432211062     
   6.51994916666667        4.44605625000000      -0.130175782250480     
   6.51994916666667        4.74232666666667      -0.127582929286889     
   6.51994916666667        5.03859708333333      -0.125059770955579     
   6.51994916666667        5.33486750000000      -0.122684693495709     
   6.51994916666667        5.63113791666667      -0.120529282499636     
   6.51994916666667        5.92740833333333      -0.118636190061034     
   6.51994916666667        6.22367875000000      -0.117034901514779     
   6.51994916666667        6.51994916666667      -0.115608736340030     
   6.51994916666667        6.81621958333333      -0.113845145059828     
   6.51994916666667        7.11249000000000      -0.111423087742005     
   6.81621958333333       2.000000000000000E-003 -0.153794608593797     
   6.81621958333333       0.298270416666667      -0.154501351916296     
   6.81621958333333       0.594540833333333      -0.152922149760437     
   6.81621958333333       0.890811250000000      -0.150839141429239     
   6.81621958333333        1.18708166666667      -0.148915608243010     
   6.81621958333333        1.48335208333333      -0.147044675213809     
   6.81621958333333        1.77962250000000      -0.145184268024852     
   6.81621958333333        2.07589291666667      -0.143345345545878     
   6.81621958333333        2.37216333333333      -0.141524039758268     
   6.81621958333333        2.66843375000000      -0.139684267132250     
   6.81621958333333        2.96470416666667      -0.137806712563164     
   6.81621958333333        3.26097458333333      -0.135838412366168     
   6.81621958333333        3.55724500000000      -0.133730758714110     
   6.81621958333333        3.85351541666667      -0.131475578713245     
   6.81621958333333        4.14978583333333      -0.129114854162556     
   6.81621958333333        4.44605625000000      -0.126721315637372     
   6.81621958333333        4.74232666666667      -0.124363875602829     
   6.81621958333333        5.03859708333333      -0.122083312453008     
   6.81621958333333        5.33486750000000      -0.119957921868395     
   6.81621958333333        5.63113791666667      -0.118042080043265     
   6.81621958333333        5.92740833333333      -0.116371359113499     
   6.81621958333333        6.22367875000000      -0.114986657954175     
   6.81621958333333        6.51994916666667      -0.113845110730562     
   6.81621958333333        6.81621958333333      -0.112399419098359     
   6.81621958333333        7.11249000000000      -0.109921096819911     
   7.11249000000000       2.000000000000000E-003 -0.148525509772343     
   7.11249000000000       0.298270416666667      -0.148157001510819     
   7.11249000000000       0.594540833333333      -0.146405235787498     
   7.11249000000000       0.890811250000000      -0.144815346169844     
   7.11249000000000        1.18708166666667      -0.143290419443087     
   7.11249000000000        1.48335208333333      -0.141702182241819     
   7.11249000000000        1.77962250000000      -0.140074291478148     
   7.11249000000000        2.07589291666667      -0.138444270568742     
   7.11249000000000        2.37216333333333      -0.136829535048569     
   7.11249000000000        2.66843375000000      -0.135186953411601     
   7.11249000000000        2.96470416666667      -0.133504272237611     
   7.11249000000000        3.26097458333333      -0.131734946423927     
   7.11249000000000        3.55724500000000      -0.129833985649368     
   7.11249000000000        3.85351541666667      -0.127793647142912     
   7.11249000000000        4.14978583333333      -0.125653615750735     
   7.11249000000000        4.44605625000000      -0.123483505066810     
   7.11249000000000        4.74232666666667      -0.121350466085337     
   7.11249000000000        5.03859708333333      -0.119297267086118     
   7.11249000000000        5.33486750000000      -0.117388009383913     
   7.11249000000000        5.63113791666667      -0.115649734025069     
   7.11249000000000        5.92740833333333      -0.114093501730669     
   7.11249000000000        6.22367875000000      -0.112709988603497     
   7.11249000000000        6.51994916666667      -0.111423002016957     
   7.11249000000000        6.81621958333333      -0.109921025037517     
   7.11249000000000        7.11249000000000      -0.107993130752942     
