  2.000000000000000E-003  2.000000000000000E-003 -0.641879851291948     
  2.000000000000000E-003  0.298270416666667      -0.631546393851809     
  2.000000000000000E-003  0.594540833333333      -0.585478846299201     
  2.000000000000000E-003  0.890811250000000      -0.518157297873072     
  2.000000000000000E-003   1.18708166666667      -0.456582599084575     
  2.000000000000000E-003   1.48335208333333      -0.407096666029889     
  2.000000000000000E-003   1.77962250000000      -0.367939536446780     
  2.000000000000000E-003   2.07589291666667      -0.336360918113306     
  2.000000000000000E-003   2.37216333333333      -0.310108521515875     
  2.000000000000000E-003   2.66843375000000      -0.287871731962461     
  2.000000000000000E-003   2.96470416666667      -0.268564853388398     
  2.000000000000000E-003   3.26097458333333      -0.251441907805607     
  2.000000000000000E-003   3.55724500000000      -0.236022199431590     
  2.000000000000000E-003   3.85351541666667      -0.222029322394614     
  2.000000000000000E-003   4.14978583333333      -0.209335503379306     
  2.000000000000000E-003   4.44605625000000      -0.197880763571456     
  2.000000000000000E-003   4.74232666666667      -0.187601272574085     
  2.000000000000000E-003   5.03859708333333      -0.178401094994020     
  2.000000000000000E-003   5.33486750000000      -0.170327240981339     
  2.000000000000000E-003   5.63113791666667      -0.163312703657800     
  2.000000000000000E-003   5.92740833333333      -0.157235846453258     
  2.000000000000000E-003   6.22367875000000      -0.151963631687506     
  2.000000000000000E-003   6.51994916666667      -0.147536064157929     
  2.000000000000000E-003   6.81621958333333      -0.144103739681416     
  2.000000000000000E-003   7.11249000000000      -0.140107577903386     
  0.298270416666667       2.000000000000000E-003 -0.778989689209284     
  0.298270416666667       0.298270416666667      -0.686043731568405     
  0.298270416666667       0.594540833333333      -0.615125338100471     
  0.298270416666667       0.890811250000000      -0.550957963514420     
  0.298270416666667        1.18708166666667      -0.488402601841422     
  0.298270416666667        1.48335208333333      -0.435026613939752     
  0.298270416666667        1.77962250000000      -0.391403725946042     
  0.298270416666667        2.07589291666667      -0.355492371567153     
  0.298270416666667        2.37216333333333      -0.325367243580218     
  0.298270416666667        2.66843375000000      -0.300160610356690     
  0.298270416666667        2.96470416666667      -0.278513104385885     
  0.298270416666667        3.26097458333333      -0.259512989173273     
  0.298270416666667        3.55724500000000      -0.242594754578305     
  0.298270416666667        3.85351541666667      -0.227425634359948     
  0.298270416666667        4.14978583333333      -0.213821059042608     
  0.298270416666667        4.44605625000000      -0.201660310837758     
  0.298270416666667        4.74232666666667      -0.190823311069005     
  0.298270416666667        5.03859708333333      -0.181171651609194     
  0.298270416666667        5.33486750000000      -0.172713367341575     
  0.298270416666667        5.63113791666667      -0.165400417820272     
  0.298270416666667        5.92740833333333      -0.159126311226884     
  0.298270416666667        6.22367875000000      -0.153810830172354     
  0.298270416666667        6.51994916666667      -0.149526684799253     
  0.298270416666667        6.81621958333333      -0.146450218998739     
  0.298270416666667        7.11249000000000      -0.143092240502263     
  0.594540833333333       2.000000000000000E-003 -0.855904177437729     
  0.594540833333333       0.298270416666667      -0.774909959254242     
  0.594540833333333       0.594540833333333      -0.665563516347014     
  0.594540833333333       0.890811250000000      -0.584811567876343     
  0.594540833333333        1.18708166666667      -0.517198168469253     
  0.594540833333333        1.48335208333333      -0.459703431577697     
  0.594540833333333        1.77962250000000      -0.411878961114004     
  0.594540833333333        2.07589291666667      -0.372041155343885     
  0.594540833333333        2.37216333333333      -0.338667137269718     
  0.594540833333333        2.66843375000000      -0.310884799225459     
  0.594540833333333        2.96470416666667      -0.287166894294811     
  0.594540833333333        3.26097458333333      -0.266514842811295     
  0.594540833333333        3.55724500000000      -0.248289225290615     
  0.594540833333333        3.85351541666667      -0.232094443364415     
  0.594540833333333        4.14978583333333      -0.217687198439948     
  0.594540833333333        4.44605625000000      -0.204895837948368     
  0.594540833333333        4.74232666666667      -0.193563731454909     
  0.594540833333333        5.03859708333333      -0.183525914004703     
  0.594540833333333        5.33486750000000      -0.174750724036980     
  0.594540833333333        5.63113791666667      -0.167202897010606     
  0.594540833333333        5.92740833333333      -0.160809898793889     
  0.594540833333333        6.22367875000000      -0.155522797883931     
  0.594540833333333        6.51994916666667      -0.151303823694577     
  0.594540833333333        6.81621958333333      -0.147908251517520     
  0.594540833333333        7.11249000000000      -0.144188156854490     
  0.890811250000000       2.000000000000000E-003 -0.890822607870800     
  0.890811250000000       0.298270416666667      -0.835381101292800     
  0.890811250000000       0.594540833333333      -0.727686937566923     
  0.890811250000000       0.890811250000000      -0.628592811658603     
  0.890811250000000        1.18708166666667      -0.547898810818583     
  0.890811250000000        1.48335208333333      -0.482419126178629     
  0.890811250000000        1.77962250000000      -0.429126744413657     
  0.890811250000000        2.07589291666667      -0.385353130150927     
  0.890811250000000        2.37216333333333      -0.349430490643038     
  0.890811250000000        2.66843375000000      -0.319573508696318     
  0.890811250000000        2.96470416666667      -0.294216118604816     
  0.890811250000000        3.26097458333333      -0.272289821885584     
  0.890811250000000        3.55724500000000      -0.253063602349765     
  0.890811250000000        3.85351541666667      -0.236058795278161     
  0.890811250000000        4.14978583333333      -0.220977118111147     
  0.890811250000000        4.44605625000000      -0.207621346316288     
  0.890811250000000        4.74232666666667      -0.195828279541139     
  0.890811250000000        5.03859708333333      -0.185439733743991     
  0.890811250000000        5.33486750000000      -0.176356975459928     
  0.890811250000000        5.63113791666667      -0.168560553925424     
  0.890811250000000        5.92740833333333      -0.161972960001594     
  0.890811250000000        6.22367875000000      -0.156495120062387     
  0.890811250000000        6.51994916666667      -0.151939777605729     
  0.890811250000000        6.81621958333333      -0.147880435518228     
  0.890811250000000        7.11249000000000      -0.143581362505004     
   1.18708166666667       2.000000000000000E-003 -0.888598260926121     
   1.18708166666667       0.298270416666667      -0.849838234820376     
   1.18708166666667       0.594540833333333      -0.759697916962081     
   1.18708166666667       0.890811250000000      -0.660209156076202     
   1.18708166666667        1.18708166666667      -0.572363439726900     
   1.18708166666667        1.48335208333333      -0.500080382293800     
   1.18708166666667        1.77962250000000      -0.441822518385741     
   1.18708166666667        2.07589291666667      -0.395060899690516     
   1.18708166666667        2.37216333333333      -0.357249258291966     
   1.18708166666667        2.66843375000000      -0.325932136099382     
   1.18708166666667        2.96470416666667      -0.299512171135113     
   1.18708166666667        3.26097458333333      -0.276824319997472     
   1.18708166666667        3.55724500000000      -0.256996406416459     
   1.18708166666667        3.85351541666667      -0.239432478244230     
   1.18708166666667        4.14978583333333      -0.223793466946064     
   1.18708166666667        4.44605625000000      -0.209908570620660     
   1.18708166666667        4.74232666666667      -0.197656367117341     
   1.18708166666667        5.03859708333333      -0.186902176187254     
   1.18708166666667        5.33486750000000      -0.177513240972663     
   1.18708166666667        5.63113791666667      -0.169429606890561     
   1.18708166666667        5.92740833333333      -0.162554867101250     
   1.18708166666667        6.22367875000000      -0.156737468115488     
   1.18708166666667        6.51994916666667      -0.151727961823881     
   1.18708166666667        6.81621958333333      -0.147129347816287     
   1.18708166666667        7.11249000000000      -0.142482592252198     
   1.48335208333333       2.000000000000000E-003 -0.856807959885885     
   1.48335208333333       0.298270416666667      -0.828546893638724     
   1.48335208333333       0.594540833333333      -0.756243435600269     
   1.48335208333333       0.890811250000000      -0.667578183935127     
   1.48335208333333        1.18708166666667      -0.581840771005450     
   1.48335208333333        1.48335208333333      -0.508034825678221     
   1.48335208333333        1.77962250000000      -0.448106628134227     
   1.48335208333333        2.07589291666667      -0.400493383193946     
   1.48335208333333        2.37216333333333      -0.361790673742902     
   1.48335208333333        2.66843375000000      -0.329837371511766     
   1.48335208333333        2.96470416666667      -0.303097777270105     
   1.48335208333333        3.26097458333333      -0.280275536191669     
   1.48335208333333        3.55724500000000      -0.260305081168387     
   1.48335208333333        3.85351541666667      -0.242421281512507     
   1.48335208333333        4.14978583333333      -0.226278744501838     
   1.48335208333333        4.44605625000000      -0.211828217647365     
   1.48335208333333        4.74232666666667      -0.199087014368101     
   1.48335208333333        5.03859708333333      -0.187952657656343     
   1.48335208333333        5.33486750000000      -0.178263028527684     
   1.48335208333333        5.63113791666667      -0.169880992677613     
   1.48335208333333        5.92740833333333      -0.162691159855963     
   1.48335208333333        6.22367875000000      -0.156524168210081     
   1.48335208333333        6.51994916666667      -0.151126528654160     
   1.48335208333333        6.81621958333333      -0.146177513595669     
   1.48335208333333        7.11249000000000      -0.141359720068865     
   1.77962250000000       2.000000000000000E-003 -0.803997683820150     
   1.77962250000000       0.298270416666667      -0.783135176686173     
   1.77962250000000       0.594540833333333      -0.725803623047893     
   1.77962250000000       0.890811250000000      -0.650542490008033     
   1.77962250000000        1.18708166666667      -0.573289088751933     
   1.77962250000000        1.48335208333333      -0.504298517685938     
   1.77962250000000        1.77962250000000      -0.447699007542942     
   1.77962250000000        2.07589291666667      -0.401204677858575     
   1.77962250000000        2.37216333333333      -0.362932894009886     
   1.77962250000000        2.66843375000000      -0.331308473056254     
   1.77962250000000        2.96470416666667      -0.305014095294618     
   1.77962250000000        3.26097458333333      -0.282726489512999     
   1.77962250000000        3.55724500000000      -0.263051088930316     
   1.77962250000000        3.85351541666667      -0.245029337915802     
   1.77962250000000        4.14978583333333      -0.228389680310257     
   1.77962250000000        4.44605625000000      -0.213356147508048     
   1.77962250000000        4.74232666666667      -0.200104271403193     
   1.77962250000000        5.03859708333333      -0.188622005426555     
   1.77962250000000        5.33486750000000      -0.178667894859754     
   1.77962250000000        5.63113791666667      -0.170028598583080     
   1.77962250000000        5.92740833333333      -0.162556415840129     
   1.77962250000000        6.22367875000000      -0.156095523911421     
   1.77962250000000        6.51994916666667      -0.150417932642436     
   1.77962250000000        6.81621958333333      -0.145255109727702     
   1.77962250000000        7.11249000000000      -0.140357379001552     
   2.07589291666667       2.000000000000000E-003 -0.736106302589737     
   2.07589291666667       0.298270416666667      -0.719316459412791     
   2.07589291666667       0.594540833333333      -0.675059663869142     
   2.07589291666667       0.890811250000000      -0.613931058150426     
   2.07589291666667        1.18708166666667      -0.550790270438989     
   2.07589291666667        1.48335208333333      -0.492294949408700     
   2.07589291666667        1.77962250000000      -0.440919242706500     
   2.07589291666667        2.07589291666667      -0.397234690959282     
   2.07589291666667        2.37216333333333      -0.360600402520738     
   2.07589291666667        2.66843375000000      -0.330150186369878     
   2.07589291666667        2.96470416666667      -0.305092070691559     
   2.07589291666667        3.26097458333333      -0.284139289626487     
   2.07589291666667        3.55724500000000      -0.265316973558076     
   2.07589291666667        3.85351541666667      -0.247209539345240     
   2.07589291666667        4.14978583333333      -0.229945939383608     
   2.07589291666667        4.44605625000000      -0.214333206729394     
   2.07589291666667        4.74232666666667      -0.200694122499007     
   2.07589291666667        5.03859708333333      -0.188926010457146     
   2.07589291666667        5.33486750000000      -0.178803083077874     
   2.07589291666667        5.63113791666667      -0.169974690447936     
   2.07589291666667        5.92740833333333      -0.162281229970689     
   2.07589291666667        6.22367875000000      -0.155592925393780     
   2.07589291666667        6.51994916666667      -0.149720977783015     
   2.07589291666667        6.81621958333333      -0.144430725710337     
   2.07589291666667        7.11249000000000      -0.139499362349208     
   2.37216333333333       2.000000000000000E-003 -0.661049680260607     
   2.37216333333333       0.298270416666667      -0.649544997312987     
   2.37216333333333       0.594540833333333      -0.618022583394975     
   2.37216333333333       0.890811250000000      -0.573471963781020     
   2.37216333333333        1.18708166666667      -0.523424737465782     
   2.37216333333333        1.48335208333333      -0.473789600601009     
   2.37216333333333        1.77962250000000      -0.428441597981895     
   2.37216333333333        2.07589291666667      -0.388800892511101     
   2.37216333333333        2.37216333333333      -0.354786745756099     
   2.37216333333333        2.66843375000000      -0.326247198063034     
   2.37216333333333        2.96470416666667      -0.303092555722223     
   2.37216333333333        3.26097458333333      -0.284392769058553     
   2.37216333333333        3.55724500000000      -0.267111029650058     
   2.37216333333333        3.85351541666667      -0.248796654807106     
   2.37216333333333        4.14978583333333      -0.230701211701456     
   2.37216333333333        4.44605625000000      -0.214709137286954     
   2.37216333333333        4.74232666666667      -0.200969240874135     
   2.37216333333333        5.03859708333333      -0.189063969888912     
   2.37216333333333        5.33486750000000      -0.178745672426044     
   2.37216333333333        5.63113791666667      -0.169782708783594     
   2.37216333333333        5.92740833333333      -0.161913138902575     
   2.37216333333333        6.22367875000000      -0.155057340490850     
   2.37216333333333        6.51994916666667      -0.149057817291859     
   2.37216333333333        6.81621958333333      -0.143694545968575     
   2.37216333333333        7.11249000000000      -0.138753690117321     
   2.66843375000000       2.000000000000000E-003 -0.599358402003784     
   2.66843375000000       0.298270416666667      -0.590888889986467     
   2.66843375000000       0.594540833333333      -0.567109162881688     
   2.66843375000000       0.890811250000000      -0.532173509843598     
   2.66843375000000        1.18708166666667      -0.491350825323214     
   2.66843375000000        1.48335208333333      -0.449733033436715     
   2.66843375000000        1.77962250000000      -0.411088737581711     
   2.66843375000000        2.07589291666667      -0.376569732699569     
   2.66843375000000        2.37216333333333      -0.346290478015946     
   2.66843375000000        2.66843375000000      -0.320235334984981     
   2.66843375000000        2.96470416666667      -0.298968955675037     
   2.66843375000000        3.26097458333333      -0.283075872377565     
   2.66843375000000        3.55724500000000      -0.268246750950931     
   2.66843375000000        3.85351541666667      -0.249231745425780     
   2.66843375000000        4.14978583333333      -0.230415928784999     
   2.66843375000000        4.44605625000000      -0.214805213985361     
   2.66843375000000        4.74232666666667      -0.201298442328409     
   2.66843375000000        5.03859708333333      -0.189251821318181     
   2.66843375000000        5.33486750000000      -0.178651254365915     
   2.66843375000000        5.63113791666667      -0.169453253525426     
   2.66843375000000        5.92740833333333      -0.161422803768610     
   2.66843375000000        6.22367875000000      -0.154443328411253     
   2.66843375000000        6.51994916666667      -0.148367063096403     
   2.66843375000000        6.81621958333333      -0.142974509571203     
   2.66843375000000        7.11249000000000      -0.138045480983676     
   2.96470416666667       2.000000000000000E-003 -0.541432373931138     
   2.96470416666667       0.298270416666667      -0.534832592091618     
   2.96470416666667       0.594540833333333      -0.516156263908303     
   2.96470416666667       0.890811250000000      -0.488336366640871     
   2.96470416666667        1.18708166666667      -0.455417025398355     
   2.96470416666667        1.48335208333333      -0.421767294016448     
   2.96470416666667        1.77962250000000      -0.390295421623695     
   2.96470416666667        2.07589291666667      -0.361914109581600     
   2.96470416666667        2.37216333333333      -0.336702186898945     
   2.96470416666667        2.66843375000000      -0.314119894571112     
   2.96470416666667        2.96470416666667      -0.294025922873856     
   2.96470416666667        3.26097458333333      -0.279347384184425     
   2.96470416666667        3.55724500000000      -0.267834316224669     
   2.96470416666667        3.85351541666667      -0.247654699719131     
   2.96470416666667        4.14978583333333      -0.229994476352656     
   2.96470416666667        4.44605625000000      -0.215755346522937     
   2.96470416666667        4.74232666666667      -0.202121986955047     
   2.96470416666667        5.03859708333333      -0.189484194658625     
   2.96470416666667        5.33486750000000      -0.178390673196552     
   2.96470416666667        5.63113791666667      -0.168876379830951     
   2.96470416666667        5.92740833333333      -0.160689884439484     
   2.96470416666667        6.22367875000000      -0.153643855630270     
   2.96470416666667        6.51994916666667      -0.147550139737015     
   2.96470416666667        6.81621958333333      -0.142171787185095     
   2.96470416666667        7.11249000000000      -0.137277582580944     
   3.26097458333333       2.000000000000000E-003 -0.484906712263988     
   3.26097458333333       0.298270416666667      -0.479786567132024     
   3.26097458333333       0.594540833333333      -0.465315570505750     
   3.26097458333333       0.890811250000000      -0.443717984942060     
   3.26097458333333        1.18708166666667      -0.418142530356636     
   3.26097458333333        1.48335208333333      -0.392131232859577     
   3.26097458333333        1.77962250000000      -0.367854975505656     
   3.26097458333333        2.07589291666667      -0.346004728456793     
   3.26097458333333        2.37216333333333      -0.326878370678059     
   3.26097458333333        2.66843375000000      -0.309839306423849     
   3.26097458333333        2.96470416666667      -0.292643595267024     
   3.26097458333333        3.26097458333333      -0.274205709591307     
   3.26097458333333        3.55724500000000      -0.263076598549545     
   3.26097458333333        3.85351541666667      -0.245586314145616     
   3.26097458333333        4.14978583333333      -0.232636965742291     
   3.26097458333333        4.44605625000000      -0.217869870087482     
   3.26097458333333        4.74232666666667      -0.202642162617444     
   3.26097458333333        5.03859708333333      -0.189014458044172     
   3.26097458333333        5.33486750000000      -0.177461767786606     
   3.26097458333333        5.63113791666667      -0.167767002697099     
   3.26097458333333        5.92740833333333      -0.159525401088466     
   3.26097458333333        6.22367875000000      -0.152516894741590     
   3.26097458333333        6.51994916666667      -0.146490406296459     
   3.26097458333333        6.81621958333333      -0.141184691920272     
   3.26097458333333        7.11249000000000      -0.136360637517079     
   3.55724500000000       2.000000000000000E-003 -0.432414621060820     
   3.55724500000000       0.298270416666667      -0.428575951242505     
   3.55724500000000       0.594540833333333      -0.417769041448642     
   3.55724500000000       0.890811250000000      -0.401657299634500     
   3.55724500000000        1.18708166666667      -0.382588638073627     
   3.55724500000000        1.48335208333333      -0.363271618295643     
   3.55724500000000        1.77962250000000      -0.345140960806250     
   3.55724500000000        2.07589291666667      -0.328876954395686     
   3.55724500000000        2.37216333333333      -0.314852323116250     
   3.55724500000000        2.66843375000000      -0.302831481617614     
   3.55724500000000        2.96470416666667      -0.290756075605801     
   3.55724500000000        3.26097458333333      -0.273205018265193     
   3.55724500000000        3.55724500000000      -0.252541369048544     
   3.55724500000000        3.85351541666667      -0.243537410819005     
   3.55724500000000        4.14978583333333      -0.231374403828773     
   3.55724500000000        4.44605625000000      -0.215342860931232     
   3.55724500000000        4.74232666666667      -0.199858405051540     
   3.55724500000000        5.03859708333333      -0.186448403114865     
   3.55724500000000        5.33486750000000      -0.175197365868739     
   3.55724500000000        5.63113791666667      -0.165781615077909     
   3.55724500000000        5.92740833333333      -0.157756914449682     
   3.55724500000000        6.22367875000000      -0.150948525029884     
   3.55724500000000        6.51994916666667      -0.145095870361083     
   3.55724500000000        6.81621958333333      -0.139932985194167     
   3.55724500000000        7.11249000000000      -0.135225561878286     
   3.85351541666667       2.000000000000000E-003 -0.387037895715117     
   3.85351541666667       0.298270416666667      -0.384281435778785     
   3.85351541666667       0.594540833333333      -0.376496132664897     
   3.85351541666667       0.890811250000000      -0.364829052283862     
   3.85351541666667        1.18708166666667      -0.350915213940673     
   3.85351541666667        1.48335208333333      -0.336658855847556     
   3.85351541666667        1.77962250000000      -0.323036910983326     
   3.85351541666667        2.07589291666667      -0.310341451646079     
   3.85351541666667        2.37216333333333      -0.298639459727800     
   3.85351541666667        2.66843375000000      -0.287002136731742     
   3.85351541666667        2.96470416666667      -0.273233311639643     
   3.85351541666667        3.26097458333333      -0.258398669705247     
   3.85351541666667        3.55724500000000      -0.248248998446040     
   3.85351541666667        3.85351541666667      -0.227282733461277     
   3.85351541666667        4.14978583333333      -0.214860416113766     
   3.85351541666667        4.44605625000000      -0.204119615239964     
   3.85351541666667        4.74232666666667      -0.192480716137652     
   3.85351541666667        5.03859708333333      -0.181337652987314     
   3.85351541666667        5.33486750000000      -0.171434991732900     
   3.85351541666667        5.63113791666667      -0.162839536957195     
   3.85351541666667        5.92740833333333      -0.155353133046862     
   3.85351541666667        6.22367875000000      -0.148919476950583     
   3.85351541666667        6.51994916666667      -0.143343727780642     
   3.85351541666667        6.81621958333333      -0.138389750071345     
   3.85351541666667        7.11249000000000      -0.133846215170035     
   4.14978583333333       2.000000000000000E-003 -0.350030548944646     
   4.14978583333333       0.298270416666667      -0.348075844574123     
   4.14978583333333       0.594540833333333      -0.342490228640598     
   4.14978583333333       0.890811250000000      -0.333999900050376     
   4.14978583333333        1.18708166666667      -0.323668565647222     
   4.14978583333333        1.48335208333333      -0.312761080951604     
   4.14978583333333        1.77962250000000      -0.301897179762497     
   4.14978583333333        2.07589291666667      -0.291118979515684     
   4.14978583333333        2.37216333333333      -0.280218115008276     
   4.14978583333333        2.66843375000000      -0.268424651183676     
   4.14978583333333        2.96470416666667      -0.255821631108175     
   4.14978583333333        3.26097458333333      -0.247162349780827     
   4.14978583333333        3.55724500000000      -0.240306968953123     
   4.14978583333333        3.85351541666667      -0.220097718927419     
   4.14978583333333        4.14978583333333      -0.202935021502314     
   4.14978583333333        4.44605625000000      -0.192683476785921     
   4.14978583333333        4.74232666666667      -0.183774168751349     
   4.14978583333333        5.03859708333333      -0.175012127180453     
   4.14978583333333        5.33486750000000      -0.166756613345694     
   4.14978583333333        5.63113791666667      -0.159242472819377     
   4.14978583333333        5.92740833333333      -0.152474988737015     
   4.14978583333333        6.22367875000000      -0.146526536168845     
   4.14978583333333        6.51994916666667      -0.141295097456080     
   4.14978583333333        6.81621958333333      -0.136594629414603     
   4.14978583333333        7.11249000000000      -0.132251156343777     
   4.44605625000000       2.000000000000000E-003 -0.320393810131337     
   4.44605625000000       0.298270416666667      -0.318944874955272     
   4.44605625000000       0.594540833333333      -0.314742110727958     
   4.44605625000000       0.890811250000000      -0.308240028985640     
   4.44605625000000        1.18708166666667      -0.300119088854516     
   4.44605625000000        1.48335208333333      -0.291178579593444     
   4.44605625000000        1.77962250000000      -0.281959083727335     
   4.44605625000000        2.07589291666667      -0.272383151073209     
   4.44605625000000        2.37216333333333      -0.262414016904285     
   4.44605625000000        2.66843375000000      -0.252109752536022     
   4.44605625000000        2.96470416666667      -0.242547264743493     
   4.44605625000000        3.26097458333333      -0.235566293568508     
   4.44605625000000        3.55724500000000      -0.227395366473299     
   4.44605625000000        3.85351541666667      -0.212189273434425     
   4.44605625000000        4.14978583333333      -0.196440188847799     
   4.44605625000000        4.44605625000000      -0.185198535590471     
   4.44605625000000        4.74232666666667      -0.176648985263522     
   4.44605625000000        5.03859708333333      -0.169066143412445     
   4.44605625000000        5.33486750000000      -0.162018247670974     
   4.44605625000000        5.63113791666667      -0.155453499275916     
   4.44605625000000        5.92740833333333      -0.149384970118376     
   4.44605625000000        6.22367875000000      -0.143936501721255     
   4.44605625000000        6.51994916666667      -0.139065752858663     
   4.44605625000000        6.81621958333333      -0.134634051787659     
   4.44605625000000        7.11249000000000      -0.130511206692457     
   4.74232666666667       2.000000000000000E-003 -0.296049466233031     
   4.74232666666667       0.298270416666667      -0.294877209453223     
   4.74232666666667       0.594540833333333      -0.291435545279204     
   4.74232666666667       0.890811250000000      -0.286052005200472     
   4.74232666666667        1.18708166666667      -0.279211263311260     
   4.74232666666667        1.48335208333333      -0.271467888654036     
   4.74232666666667        1.77962250000000      -0.263302654992728     
   4.74232666666667        2.07589291666667      -0.254785199604662     
   4.74232666666667        2.37216333333333      -0.246038471342743     
   4.74232666666667        2.66843375000000      -0.237419336983573     
   4.74232666666667        2.96470416666667      -0.229566618477115     
   4.74232666666667        3.26097458333333      -0.222540880382679     
   4.74232666666667        3.55724500000000      -0.214136345722129     
   4.74232666666667        3.85351541666667      -0.202486486465696     
   4.74232666666667        4.14978583333333      -0.189954444431123     
   4.74232666666667        4.44605625000000      -0.179431690033653     
   4.74232666666667        4.74232666666667      -0.171079602881099     
   4.74232666666667        5.03859708333333      -0.164029725085035     
   4.74232666666667        5.33486750000000      -0.157706167039685     
   4.74232666666667        5.63113791666667      -0.151807309947476     
   4.74232666666667        5.92740833333333      -0.146306070419818     
   4.74232666666667        6.22367875000000      -0.141304747994260     
   4.74232666666667        6.51994916666667      -0.136765843425185     
   4.74232666666667        6.81621958333333      -0.132592770546223     
   4.74232666666667        7.11249000000000      -0.128701719911240     
   5.03859708333333       2.000000000000000E-003 -0.275412871947542     
   5.03859708333333       0.298270416666667      -0.274359782300644     
   5.03859708333333       0.594540833333333      -0.271271654992669     
   5.03859708333333       0.890811250000000      -0.266458795204291     
   5.03859708333333        1.18708166666667      -0.260375517137373     
   5.03859708333333        1.48335208333333      -0.253478926248628     
   5.03859708333333        1.77962250000000      -0.246165720336661     
   5.03859708333333        2.07589291666667      -0.238685020490226     
   5.03859708333333        2.37216333333333      -0.231151285974469     
   5.03859708333333        2.66843375000000      -0.223838458914026     
   5.03859708333333        2.96470416666667      -0.216932514000629     
   5.03859708333333        3.26097458333333      -0.210103693215708     
   5.03859708333333        3.55724500000000      -0.202306406284401     
   5.03859708333333        3.85351541666667      -0.192957743271544     
   5.03859708333333        4.14978583333333      -0.183026559349200     
   5.03859708333333        4.44605625000000      -0.173948789022573     
   5.03859708333333        4.74232666666667      -0.166251173269967     
   5.03859708333333        5.03859708333333      -0.159692202626139     
   5.03859708333333        5.33486750000000      -0.153848491651043     
   5.03859708333333        5.63113791666667      -0.148398197312713     
   5.03859708333333        5.92740833333333      -0.143351474959433     
   5.03859708333333        6.22367875000000      -0.138710493317360     
   5.03859708333333        6.51994916666667      -0.134438365569409     
   5.03859708333333        6.81621958333333      -0.130507319520843     
   5.03859708333333        7.11249000000000      -0.126867372982754     
   5.33486750000000       2.000000000000000E-003 -0.257673113610335     
   5.33486750000000       0.298270416666667      -0.256702548202966     
   5.33486750000000       0.594540833333333      -0.253791973866615     
   5.33486750000000       0.890811250000000      -0.249292507682757     
   5.33486750000000        1.18708166666667      -0.243685445854675     
   5.33486750000000        1.48335208333333      -0.237450268264864     
   5.33486750000000        1.77962250000000      -0.230950097947769     
   5.33486750000000        2.07589291666667      -0.224399364213594     
   5.33486750000000        2.37216333333333      -0.217915594261011     
   5.33486750000000        2.66843375000000      -0.211588304261251     
   5.33486750000000        2.96470416666667      -0.205403311025239     
   5.33486750000000        3.26097458333333      -0.199064979820685     
   5.33486750000000        3.55724500000000      -0.192090971463455     
   5.33486750000000        3.85351541666667      -0.184322241239807     
   5.33486750000000        4.14978583333333      -0.176228484566992     
   5.33486750000000        4.44605625000000      -0.168552127812787     
   5.33486750000000        4.74232666666667      -0.161716609116668     
   5.33486750000000        5.03859708333333      -0.155701424992645     
   5.33486750000000        5.33486750000000      -0.150245912005526     
   5.33486750000000        5.63113791666667      -0.145219659165549     
   5.33486750000000        5.92740833333333      -0.140541275493972     
   5.33486750000000        6.22367875000000      -0.136188779045551     
   5.33486750000000        6.51994916666667      -0.132162626404230     
   5.33486750000000        6.81621958333333      -0.128473260424946     
   5.33486750000000        7.11249000000000      -0.125117836280610     
   5.63113791666667       2.000000000000000E-003 -0.242226816459641     
   5.63113791666667       0.298270416666667      -0.241358977232051     
   5.63113791666667       0.594540833333333      -0.238676966665058     
   5.63113791666667       0.890811250000000      -0.234473831116017     
   5.63113791666667        1.18708166666667      -0.229275297249187     
   5.63113791666667        1.48335208333333      -0.223609147252922     
   5.63113791666667        1.77962250000000      -0.217810633878952     
   5.63113791666667        2.07589291666667      -0.212062987775478     
   5.63113791666667        2.37216333333333      -0.206412798317734     
   5.63113791666667        2.66843375000000      -0.200838512975273     
   5.63113791666667        2.96470416666667      -0.195245101502487     
   5.63113791666667        3.26097458333333      -0.189459209054041     
   5.63113791666667        3.55724500000000      -0.183261814642790     
   5.63113791666667        3.85351541666667      -0.176631781105714     
   5.63113791666667        4.14978583333333      -0.169840711605060     
   5.63113791666667        4.44605625000000      -0.163302273909064     
   5.63113791666667        4.74232666666667      -0.157279567101213     
   5.63113791666667        5.03859708333333      -0.151825616551407     
   5.63113791666667        5.33486750000000      -0.146862675068345     
   5.63113791666667        5.63113791666667      -0.142263152764197     
   5.63113791666667        5.92740833333333      -0.137937446025773     
   5.63113791666667        6.22367875000000      -0.133849304395524     
   5.63113791666667        6.51994916666667      -0.130022780358413     
   5.63113791666667        6.81621958333333      -0.126550320177693     
   5.63113791666667        7.11249000000000      -0.123494736337708     
   5.92740833333333       2.000000000000000E-003 -0.228650669258294     
   5.92740833333333       0.298270416666667      -0.228007575706342     
   5.92740833333333       0.594540833333333      -0.225684814649174     
   5.92740833333333       0.890811250000000      -0.221750847782094     
   5.92740833333333        1.18708166666667      -0.216881430205179     
   5.92740833333333        1.48335208333333      -0.211700539512037     
   5.92740833333333        1.77962250000000      -0.206504964674535     
   5.92740833333333        2.07589291666667      -0.201384693539561     
   5.92740833333333        2.37216333333333      -0.196356099358856     
   5.92740833333333        2.66843375000000      -0.191364374998363     
   5.92740833333333        2.96470416666667      -0.186307230529648     
   5.92740833333333        3.26097458333333      -0.181057601536923     
   5.92740833333333        3.55724500000000      -0.175528960282817     
   5.92740833333333        3.85351541666667      -0.169756118790711     
   5.92740833333333        4.14978583333333      -0.163920287373319     
   5.92740833333333        4.44605625000000      -0.158269291180424     
   5.92740833333333        4.74232666666667      -0.152994266359905     
   5.92740833333333        5.03859708333333      -0.148162046041890     
   5.92740833333333        5.33486750000000      -0.143720252232939     
   5.92740833333333        5.63113791666667      -0.139569764479277     
   5.92740833333333        5.92740833333333      -0.135619044378926     
   5.92740833333333        6.22367875000000      -0.131784277760105     
   5.92740833333333        6.51994916666667      -0.128084108037669     
   5.92740833333333        6.81621958333333      -0.124753697640252     
   5.92740833333333        7.11249000000000      -0.122019061827023     
   6.22367875000000       2.000000000000000E-003 -0.216571149534198     
   6.22367875000000       0.298270416666667      -0.216392963044167     
   6.22367875000000       0.594540833333333      -0.214503745624322     
   6.22367875000000       0.890811250000000      -0.210648723110735     
   6.22367875000000        1.18708166666667      -0.205944947551810     
   6.22367875000000        1.48335208333333      -0.201143636872229     
   6.22367875000000        1.77962250000000      -0.196451878535557     
   6.22367875000000        2.07589291666667      -0.191852464696298     
   6.22367875000000        2.37216333333333      -0.187313618567814     
   6.22367875000000        2.66843375000000      -0.182796904195632     
   6.22367875000000        2.96470416666667      -0.178229131484501     
   6.22367875000000        3.26097458333333      -0.173522836200902     
   6.22367875000000        3.55724500000000      -0.168629891586196     
   6.22367875000000        3.85351541666667      -0.163589021567142     
   6.22367875000000        4.14978583333333      -0.158530671636149     
   6.22367875000000        4.44605625000000      -0.153626822547693     
   6.22367875000000        4.74232666666667      -0.149016099850296     
   6.22367875000000        5.03859708333333      -0.144753318211425     
   6.22367875000000        5.33486750000000      -0.140811213707505     
   6.22367875000000        5.63113791666667      -0.137132256483635     
   6.22367875000000        5.92740833333333      -0.133613651206879     
   6.22367875000000        6.22367875000000      -0.130097305404746     
   6.22367875000000        6.51994916666667      -0.126486840003208     
   6.22367875000000        6.81621958333333      -0.123128357188079     
   6.22367875000000        7.11249000000000      -0.120709587281519     
   6.51994916666667       2.000000000000000E-003 -0.206283538383324     
   6.51994916666667       0.298270416666667      -0.206675723175009     
   6.51994916666667       0.594540833333333      -0.204602223726872     
   6.51994916666667       0.890811250000000      -0.200374748614173     
   6.51994916666667        1.18708166666667      -0.195784744481299     
   6.51994916666667        1.48335208333333      -0.191371458400910     
   6.51994916666667        1.77962250000000      -0.187142419866318     
   6.51994916666667        2.07589291666667      -0.183021397795406     
   6.51994916666667        2.37216333333333      -0.178953832551472     
   6.51994916666667        2.66843375000000      -0.174905164240875     
   6.51994916666667        2.96470416666667      -0.170841985427551     
   6.51994916666667        3.26097458333333      -0.166698665287060     
   6.51994916666667        3.55724500000000      -0.162429985965772     
   6.51994916666667        3.85351541666667      -0.158053843056656     
   6.51994916666667        4.14978583333333      -0.153659393263184     
   6.51994916666667        4.44605625000000      -0.149373080255256     
   6.51994916666667        4.74232666666667      -0.145305636912813     
   6.51994916666667        5.03859708333333      -0.141516902250289     
   6.51994916666667        5.33486750000000      -0.138026004140519     
   6.51994916666667        5.63113791666667      -0.134818167999476     
   6.51994916666667        5.92740833333333      -0.131815785784018     
   6.51994916666667        6.22367875000000      -0.128815970020687     
   6.51994916666667        6.51994916666667      -0.125480884934912     
   6.51994916666667        6.81621958333333      -0.121886992278932     
   6.51994916666667        7.11249000000000      -0.119626426450055     
   6.81621958333333       2.000000000000000E-003 -0.198885344248465     
   6.81621958333333       0.298270416666667      -0.198467337846795     
   6.81621958333333       0.594540833333333      -0.194544182806199     
   6.81621958333333       0.890811250000000      -0.190114441844537     
   6.81621958333333        1.18708166666667      -0.186029734342217     
   6.81621958333333        1.48335208333333      -0.182155658322512     
   6.81621958333333        1.77962250000000      -0.178404738746667     
   6.81621958333333        2.07589291666667      -0.174752950618010     
   6.81621958333333        2.37216333333333      -0.171175353935746     
   6.81621958333333        2.66843375000000      -0.167625148171749     
   6.81621958333333        2.96470416666667      -0.164087761792235     
   6.81621958333333        3.26097458333333      -0.160502950191243     
   6.81621958333333        3.55724500000000      -0.156813206545433     
   6.81621958333333        3.85351541666667      -0.153011245692665     
   6.81621958333333        4.14978583333333      -0.149157208051329     
   6.81621958333333        4.44605625000000      -0.145354397040315     
   6.81621958333333        4.74232666666667      -0.141707468029267     
   6.81621958333333        5.03859708333333      -0.138298354090711     
   6.81621958333333        5.33486750000000      -0.135188082035439     
   6.81621958333333        5.63113791666667      -0.132396038431368     
   6.81621958333333        5.92740833333333      -0.129893387101180     
   6.81621958333333        6.22367875000000      -0.127550530494838     
   6.81621958333333        6.51994916666667      -0.124994020045735     
   6.81621958333333        6.81621958333333      -0.121545822969996     
   6.81621958333333        7.11249000000000      -0.118753232677130     
   7.11249000000000       2.000000000000000E-003 -0.189396523367321     
   7.11249000000000       0.298270416666667      -0.188241717556298     
   7.11249000000000       0.594540833333333      -0.184099978782302     
   7.11249000000000       0.890811250000000      -0.180438797551958     
   7.11249000000000        1.18708166666667      -0.177053802756328     
   7.11249000000000        1.48335208333333      -0.173690505611879     
   7.11249000000000        1.77962250000000      -0.170369101192798     
   7.11249000000000        2.07589291666667      -0.167145420972765     
   7.11249000000000        2.37216333333333      -0.164045400160786     
   7.11249000000000        2.66843375000000      -0.160981670068208     
   7.11249000000000        2.96470416666667      -0.157934198497620     
   7.11249000000000        3.26097458333333      -0.154837714806232     
   7.11249000000000        3.55724500000000      -0.151623786549933     
   7.11249000000000        3.85351541666667      -0.148271054796450     
   7.11249000000000        4.14978583333333      -0.144827813630999     
   7.11249000000000        4.44605625000000      -0.141392035242978     
   7.11249000000000        4.74232666666667      -0.138073714786263     
   7.11249000000000        5.03859708333333      -0.134973264408311     
   7.11249000000000        5.33486750000000      -0.132166336693264     
   7.11249000000000        5.63113791666667      -0.129678950537940     
   7.11249000000000        5.92740833333333      -0.127491774004047     
   7.11249000000000        6.22367875000000      -0.125518754853108     
   7.11249000000000        6.51994916666667      -0.123506831199126     
   7.11249000000000        6.81621958333333      -0.120810689811223     
   7.11249000000000        7.11249000000000      -0.117388178147530     
