  2.000000000000000E-003  2.000000000000000E-003 -0.284613385289367     
  2.000000000000000E-003  0.298270416666667      -0.285285246323755     
  2.000000000000000E-003  0.594540833333333      -0.278217244024088     
  2.000000000000000E-003  0.890811250000000      -0.267947200979198     
  2.000000000000000E-003   1.18708166666667      -0.256980192676911     
  2.000000000000000E-003   1.48335208333333      -0.246206231793490     
  2.000000000000000E-003   1.77962250000000      -0.236022198339099     
  2.000000000000000E-003   2.07589291666667      -0.226568262265853     
  2.000000000000000E-003   2.37216333333333      -0.217850023857359     
  2.000000000000000E-003   2.66843375000000      -0.209814763684516     
  2.000000000000000E-003   2.96470416666667      -0.202272244327314     
  2.000000000000000E-003   3.26097458333333      -0.195050754575426     
  2.000000000000000E-003   3.55724500000000      -0.188017058700485     
  2.000000000000000E-003   3.85351541666667      -0.181112750613311     
  2.000000000000000E-003   4.14978583333333      -0.174379647535675     
  2.000000000000000E-003   4.44605625000000      -0.167934064881874     
  2.000000000000000E-003   4.74232666666667      -0.161911996933825     
  2.000000000000000E-003   5.03859708333333      -0.156418062610463     
  2.000000000000000E-003   5.33486750000000      -0.151524505897105     
  2.000000000000000E-003   5.63113791666667      -0.147237033496721     
  2.000000000000000E-003   5.92740833333333      -0.143516288776804     
  2.000000000000000E-003   6.22367875000000      -0.140256203320344     
  2.000000000000000E-003   6.51994916666667      -0.137245535823183     
  2.000000000000000E-003   6.81621958333333      -0.133943883899190     
  2.000000000000000E-003   7.11249000000000      -0.129829425232784     
  0.298270416666667       2.000000000000000E-003 -0.309444681861675     
  0.298270416666667       0.298270416666667      -0.302982505368988     
  0.298270416666667       0.594540833333333      -0.294682117579892     
  0.298270416666667       0.890811250000000      -0.284730720725833     
  0.298270416666667        1.18708166666667      -0.273259558113675     
  0.298270416666667        1.48335208333333      -0.261426049353001     
  0.298270416666667        1.77962250000000      -0.249957870539622     
  0.298270416666667        2.07589291666667      -0.239154653817263     
  0.298270416666667        2.37216333333333      -0.229125543960770     
  0.298270416666667        2.66843375000000      -0.219893160412376     
  0.298270416666667        2.96470416666667      -0.211248437708082     
  0.298270416666667        3.26097458333333      -0.203011236258141     
  0.298270416666667        3.55724500000000      -0.195051488130344     
  0.298270416666667        3.85351541666667      -0.187316382690468     
  0.298270416666667        4.14978583333333      -0.179845504365017     
  0.298270416666667        4.44605625000000      -0.172745826635819     
  0.298270416666667        4.74232666666667      -0.166143201429349     
  0.298270416666667        5.03859708333333      -0.160136483765912     
  0.298270416666667        5.33486750000000      -0.154778952196988     
  0.298270416666667        5.63113791666667      -0.150070942770419     
  0.298270416666667        5.92740833333333      -0.145964458845964     
  0.298270416666667        6.22367875000000      -0.142345215608706     
  0.298270416666667        6.51994916666667      -0.138993770687417     
  0.298270416666667        6.81621958333333      -0.135531482943385     
  0.298270416666667        7.11249000000000      -0.131825264548401     
  0.594540833333333       2.000000000000000E-003 -0.330321019024113     
  0.594540833333333       0.298270416666667      -0.323555897898694     
  0.594540833333333       0.594540833333333      -0.312789378537432     
  0.594540833333333       0.890811250000000      -0.301847310553391     
  0.594540833333333        1.18708166666667      -0.289768962042884     
  0.594540833333333        1.48335208333333      -0.277007261602305     
  0.594540833333333        1.77962250000000      -0.264338334335584     
  0.594540833333333        2.07589291666667      -0.252220730544877     
  0.594540833333333        2.37216333333333      -0.240898980201575     
  0.594540833333333        2.66843375000000      -0.230419950656501     
  0.594540833333333        2.96470416666667      -0.220592876049027     
  0.594540833333333        3.26097458333333      -0.211250113749888     
  0.594540833333333        3.55724500000000      -0.202274398244668     
  0.594540833333333        3.85351541666667      -0.193626194958567     
  0.594540833333333        4.14978583333333      -0.185347835182244     
  0.594540833333333        4.44605625000000      -0.177536451542606     
  0.594540833333333        4.74232666666667      -0.170302144196454     
  0.594540833333333        5.03859708333333      -0.163728165116399     
  0.594540833333333        5.33486750000000      -0.157854183089510     
  0.594540833333333        5.63113791666667      -0.152661618228424     
  0.594540833333333        5.92740833333333      -0.148098990561059     
  0.594540833333333        6.22367875000000      -0.144047428225196     
  0.594540833333333        6.51994916666667      -0.140283454200716     
  0.594540833333333        6.81621958333333      -0.136531711219691     
  0.594540833333333        7.11249000000000      -0.132800801678900     
  0.890811250000000       2.000000000000000E-003 -0.350573219444747     
  0.890811250000000       0.298270416666667      -0.345473694469865     
  0.890811250000000       0.594540833333333      -0.334517917819792     
  0.890811250000000       0.890811250000000      -0.321783105314731     
  0.890811250000000        1.18708166666667      -0.308057983102067     
  0.890811250000000        1.48335208333333      -0.293779273210839     
  0.890811250000000        1.77962250000000      -0.279588437180771     
  0.890811250000000        2.07589291666667      -0.265996456225667     
  0.890811250000000        2.37216333333333      -0.253312628171422     
  0.890811250000000        2.66843375000000      -0.241507897796165     
  0.890811250000000        2.96470416666667      -0.230423981884399     
  0.890811250000000        3.26097458333333      -0.219898393380531     
  0.890811250000000        3.55724500000000      -0.209819652026211     
  0.890811250000000        3.85351541666667      -0.200164892202812     
  0.890811250000000        4.14978583333333      -0.190991420154479     
  0.890811250000000        4.44605625000000      -0.182393942298169     
  0.890811250000000        4.74232666666667      -0.174462903119531     
  0.890811250000000        5.03859708333333      -0.167260896207453     
  0.890811250000000        5.33486750000000      -0.160809549411770     
  0.890811250000000        5.63113791666667      -0.155079548285444     
  0.890811250000000        5.92740833333333      -0.150017106483400     
  0.890811250000000        6.22367875000000      -0.145505399027721     
  0.890811250000000        6.51994916666667      -0.141348478679284     
  0.890811250000000        6.81621958333333      -0.137341537667191     
  0.890811250000000        7.11249000000000      -0.133437219145118     
   1.18708166666667       2.000000000000000E-003 -0.373766130611820     
   1.18708166666667       0.298270416666667      -0.369526373799119     
   1.18708166666667       0.594540833333333      -0.358824284255998     
   1.18708166666667       0.890811250000000      -0.344638913330037     
   1.18708166666667        1.18708166666667      -0.328794859561911     
   1.18708166666667        1.48335208333333      -0.312352312481200     
   1.18708166666667        1.77962250000000      -0.296156536108206     
   1.18708166666667        2.07589291666667      -0.280825775294439     
   1.18708166666667        2.37216333333333      -0.266570797906209     
   1.18708166666667        2.66843375000000      -0.253320467576915     
   1.18708166666667        2.96470416666667      -0.240910552436037     
   1.18708166666667        3.26097458333333      -0.229137199424587     
   1.18708166666667        3.55724500000000      -0.217859457127897     
   1.18708166666667        3.85351541666667      -0.207072949724965     
   1.18708166666667        4.14978583333333      -0.196881624547847     
   1.18708166666667        4.44605625000000      -0.187401013421284     
   1.18708166666667        4.74232666666667      -0.178699102373915     
   1.18708166666667        5.03859708333333      -0.170802810997888     
   1.18708166666667        5.33486750000000      -0.163715838187364     
   1.18708166666667        5.63113791666667      -0.157410458758490     
   1.18708166666667        5.92740833333333      -0.151829961165562     
   1.18708166666667        6.22367875000000      -0.146868894680750     
   1.18708166666667        6.51994916666667      -0.142354624922750     
   1.18708166666667        6.81621958333333      -0.138102043873875     
   1.18708166666667        7.11249000000000      -0.134005479154588     
   1.48335208333333       2.000000000000000E-003 -0.401028653172527     
   1.48335208333333       0.298270416666667      -0.396985299611371     
   1.48335208333333       0.594540833333333      -0.385948699742145     
   1.48335208333333       0.890811250000000      -0.370263857388685     
   1.48335208333333        1.18708166666667      -0.352014657934936     
   1.48335208333333        1.48335208333333      -0.332932885805910     
   1.48335208333333        1.77962250000000      -0.314341768990568     
   1.48335208333333        2.07589291666667      -0.296932866412790     
   1.48335208333333        2.37216333333333      -0.280837837380814     
   1.48335208333333        2.66843375000000      -0.266016798108005     
   1.48335208333333        2.96470416666667      -0.252244133231171     
   1.48335208333333        3.26097458333333      -0.239176029712710     
   1.48335208333333        3.55724500000000      -0.226584097678589     
   1.48335208333333        3.85351541666667      -0.214476657331348     
   1.48335208333333        4.14978583333333      -0.203066638651460     
   1.48335208333333        4.44605625000000      -0.192574546156522     
   1.48335208333333        4.74232666666667      -0.183030341719145     
   1.48335208333333        5.03859708333333      -0.174388673997933     
   1.48335208333333        5.33486750000000      -0.166619983190245     
   1.48335208333333        5.63113791666667      -0.159708820480496     
   1.48335208333333        5.92740833333333      -0.153604301077747     
   1.48335208333333        6.22367875000000      -0.148214533329108     
   1.48335208333333        6.51994916666667      -0.143370467641139     
   1.48335208333333        6.81621958333333      -0.138875478136188     
   1.48335208333333        7.11249000000000      -0.134587689730247     
   1.77962250000000       2.000000000000000E-003 -0.432414621060823     
   1.77962250000000       0.298270416666667      -0.428210722505184     
   1.77962250000000       0.594540833333333      -0.416175272712271     
   1.77962250000000       0.890811250000000      -0.398466535669749     
   1.77962250000000        1.18708166666667      -0.377482007876158     
   1.77962250000000        1.48335208333333      -0.355500503824482     
   1.77962250000000        1.77962250000000      -0.334231959573471     
   1.77962250000000        2.07589291666667      -0.314357567263660     
   1.77962250000000        2.37216333333333      -0.296184594407372     
   1.77962250000000        2.66843375000000      -0.279623754448935     
   1.77962250000000        2.96470416666667      -0.264375075283266     
   1.77962250000000        3.26097458333333      -0.249990088876990     
   1.77962250000000        3.55724500000000      -0.236045847799821     
   1.77962250000000        3.85351541666667      -0.222501365738353     
   1.77962250000000        4.14978583333333      -0.209671599486377     
   1.77962250000000        4.44605625000000      -0.197929935903000     
   1.77962250000000        4.74232666666667      -0.187403511843613     
   1.77962250000000        5.03859708333333      -0.177989466763231     
   1.77962250000000        5.33486750000000      -0.169518200129380     
   1.77962250000000        5.63113791666667      -0.161977321754677     
   1.77962250000000        5.92740833333333      -0.155353115483712     
   1.77962250000000        6.22367875000000      -0.149557337082207     
   1.77962250000000        6.51994916666667      -0.144411566017509     
   1.77962250000000        6.81621958333333      -0.139695100173800     
   1.77962250000000        7.11249000000000      -0.135232453676240     
   2.07589291666667       2.000000000000000E-003 -0.467291724495562     
   2.07589291666667       0.298270416666667      -0.462457046364398     
   2.07589291666667       0.594540833333333      -0.449024796976162     
   2.07589291666667       0.890811250000000      -0.428835643072581     
   2.07589291666667        1.18708166666667      -0.404989700177144     
   2.07589291666667        1.48335208333333      -0.379907123559610     
   2.07589291666667        1.77962250000000      -0.355519177264857     
   2.07589291666667        2.07589291666667      -0.332968723777772     
   2.07589291666667        2.37216333333333      -0.312397556870659     
   2.07589291666667        2.66843375000000      -0.293830568990232     
   2.07589291666667        2.96470416666667      -0.277060245186541     
   2.07589291666667        3.26097458333333      -0.261472433384427     
   2.07589291666667        3.55724500000000      -0.246240700717282     
   2.07589291666667        3.85351541666667      -0.231114321382689     
   2.07589291666667        4.14978583333333      -0.216659436243242     
   2.07589291666667        4.44605625000000      -0.203516674054618     
   2.07589291666667        4.74232666666667      -0.191850444389402     
   2.07589291666667        5.03859708333333      -0.181528812760125     
   2.07589291666667        5.33486750000000      -0.172350266967769     
   2.07589291666667        5.63113791666667      -0.164189903000206     
   2.07589291666667        5.92740833333333      -0.157051897135536     
   2.07589291666667        6.22367875000000      -0.150871612114650     
   2.07589291666667        6.51994916666667      -0.145458024544195     
   2.07589291666667        6.81621958333333      -0.140555700493908     
   2.07589291666667        7.11249000000000      -0.135945756618400     
   2.37216333333333       2.000000000000000E-003 -0.504651600535683     
   2.37216333333333       0.298270416666667      -0.499341902092038     
   2.37216333333333       0.594540833333333      -0.484193709326284     
   2.37216333333333       0.890811250000000      -0.461367901981536     
   2.37216333333333        1.18708166666667      -0.433883151072614     
   2.37216333333333        1.48335208333333      -0.405006532905178     
   2.37216333333333        1.77962250000000      -0.377518736345617     
   2.37216333333333        2.07589291666667      -0.352069895408561     
   2.37216333333333        2.37216333333333      -0.328855967721835     
   2.37216333333333        2.66843375000000      -0.308123542112794     
   2.37216333333333        2.96470416666667      -0.289836495751127     
   2.37216333333333        3.26097458333333      -0.273325070829366     
   2.37216333333333        3.55724500000000      -0.257026136777904     
   2.37216333333333        3.85351541666667      -0.240146472199384     
   2.37216333333333        4.14978583333333      -0.223840214802353     
   2.37216333333333        4.44605625000000      -0.209216037400024     
   2.37216333333333        4.74232666666667      -0.196318094293569     
   2.37216333333333        5.03859708333333      -0.184946486038970     
   2.37216333333333        5.33486750000000      -0.174987753857638     
   2.37216333333333        5.63113791666667      -0.166264111925950     
   2.37216333333333        5.92740833333333      -0.158655563752619     
   2.37216333333333        6.22367875000000      -0.152117602886325     
   2.37216333333333        6.51994916666667      -0.146467386662081     
   2.37216333333333        6.81621958333333      -0.141414369588472     
   2.37216333333333        7.11249000000000      -0.136695011927093     
   2.66843375000000       2.000000000000000E-003 -0.543360639589858     
   2.66843375000000       0.298270416666667      -0.537220487409543     
   2.66843375000000       0.594540833333333      -0.519617893364834     
   2.66843375000000       0.890811250000000      -0.493078762732598     
   2.66843375000000        1.18708166666667      -0.461377739192617     
   2.66843375000000        1.48335208333333      -0.428871981441161     
   2.66843375000000        1.77962250000000      -0.398529219435748     
   2.66843375000000        2.07589291666667      -0.370340056366383     
   2.66843375000000        2.37216333333333      -0.344717494814657     
   2.66843375000000        2.66843375000000      -0.321861258278780     
   2.66843375000000        2.96470416666667      -0.301927515035109     
   2.66843375000000        3.26097458333333      -0.284813351507775     
   2.66843375000000        3.55724500000000      -0.268003672126912     
   2.66843375000000        3.85351541666667      -0.249177520785313     
   2.66843375000000        4.14978583333333      -0.231028126603922     
   2.66843375000000        4.44605625000000      -0.215077004376090     
   2.66843375000000        4.74232666666667      -0.200827388494683     
   2.66843375000000        5.03859708333333      -0.188187278935925     
   2.66843375000000        5.33486750000000      -0.177298964024247     
   2.66843375000000        5.63113791666667      -0.168058044015821     
   2.66843375000000        5.92740833333333      -0.160081329194046     
   2.66843375000000        6.22367875000000      -0.153244374147539     
   2.66843375000000        6.51994916666667      -0.147387461580315     
   2.66843375000000        6.81621958333333      -0.142207509394900     
   2.66843375000000        7.11249000000000      -0.137402133976370     
   2.96470416666667       2.000000000000000E-003 -0.576860049944114     
   2.96470416666667       0.298270416666667      -0.569818881925080     
   2.96470416666667       0.594540833333333      -0.549708820593584     
   2.96470416666667       0.890811250000000      -0.519626277873186     
   2.96470416666667        1.18708166666667      -0.484214053605493     
   2.96470416666667        1.48335208333333      -0.449089462374719     
   2.96470416666667        1.77962250000000      -0.416239807951482     
   2.96470416666667        2.07589291666667      -0.386038665752135     
   2.96470416666667        2.37216333333333      -0.358919185463602     
   2.96470416666667        2.66843375000000      -0.334615433435006     
   2.96470416666667        2.96470416666667      -0.312878251279661     
   2.96470416666667        3.26097458333333      -0.294775188355343     
   2.96470416666667        3.55724500000000      -0.278283674387725     
   2.96470416666667        3.85351541666667      -0.257581405428567     
   2.96470416666667        4.14978583333333      -0.238589236873270     
   2.96470416666667        4.44605625000000      -0.221519849931051     
   2.96470416666667        4.74232666666667      -0.205435811857215     
   2.96470416666667        5.03859708333333      -0.191155823348485     
   2.96470416666667        5.33486750000000      -0.179183245916218     
   2.96470416666667        5.63113791666667      -0.169406134044256     
   2.96470416666667        5.92740833333333      -0.161210075237169     
   2.96470416666667        6.22367875000000      -0.154163697642865     
   2.96470416666667        6.51994916666667      -0.148150442500732     
   2.96470416666667        6.81621958333333      -0.142871351893025     
   2.96470416666667        7.11249000000000      -0.137999667714678     
   3.26097458333333       2.000000000000000E-003 -0.599620630017881     
   3.26097458333333       0.298270416666667      -0.591847985308507     
   3.26097458333333       0.594540833333333      -0.569841202549330     
   3.26097458333333       0.890811250000000      -0.537246547176424     
   3.26097458333333        1.18708166666667      -0.499376419235480     
   3.26097458333333        1.48335208333333      -0.462522207216991     
   3.26097458333333        1.77962250000000      -0.428274633030617     
   3.26097458333333        2.07589291666667      -0.397067773883350     
   3.26097458333333        2.37216333333333      -0.369632761468953     
   3.26097458333333        2.66843375000000      -0.345588326684094     
   3.26097458333333        2.96470416666667      -0.323666252001430     
   3.26097458333333        3.26097458333333      -0.303076853760415     
   3.26097458333333        3.55724500000000      -0.285329512682026     
   3.26097458333333        3.85351541666667      -0.265597059134949     
   3.26097458333333        4.14978583333333      -0.247916758100803     
   3.26097458333333        4.44605625000000      -0.228409034342102     
   3.26097458333333        4.74232666666667      -0.209557529659698     
   3.26097458333333        5.03859708333333      -0.193447287325411     
   3.26097458333333        5.33486750000000      -0.180467011361181     
   3.26097458333333        5.63113791666667      -0.170243375271499     
   3.26097458333333        5.92740833333333      -0.161928974481682     
   3.26097458333333        6.22367875000000      -0.154769546192894     
   3.26097458333333        6.51994916666667      -0.148661753299148     
   3.26097458333333        6.81621958333333      -0.143319699031040     
   3.26097458333333        7.11249000000000      -0.138405241213615     
   3.55724500000000       2.000000000000000E-003 -0.607753972498917     
   3.55724500000000       0.298270416666667      -0.599672450502832     
   3.55724500000000       0.594540833333333      -0.576926150450548     
   3.55724500000000       0.890811250000000      -0.543416355400315     
   3.55724500000000        1.18708166666667      -0.504700634600799     
   3.55724500000000        1.48335208333333      -0.467361937571342     
   3.55724500000000        1.77962250000000      -0.432473171214793     
   3.55724500000000        2.07589291666667      -0.401099641478828     
   3.55724500000000        2.37216333333333      -0.373842876977700     
   3.55724500000000        2.66843375000000      -0.350652078102835     
   3.55724500000000        2.96470416666667      -0.330396706210946     
   3.55724500000000        3.26097458333333      -0.309476667700131     
   3.55724500000000        3.55724500000000      -0.284648528898275     
   3.55724500000000        3.85351541666667      -0.271741426966648     
   3.55724500000000        4.14978583333333      -0.254167946011370     
   3.55724500000000        4.44605625000000      -0.231918360872857     
   3.55724500000000        4.74232666666667      -0.211324273095997     
   3.55724500000000        5.03859708333333      -0.194331950056553     
   3.55724500000000        5.33486750000000      -0.180931563452714     
   3.55724500000000        5.63113791666667      -0.170519582592189     
   3.55724500000000        5.92740833333333      -0.162170442546452     
   3.55724500000000        6.22367875000000      -0.154978656713265     
   3.55724500000000        6.51994916666667      -0.148840701513192     
   3.55724500000000        6.81621958333333      -0.143478073592092     
   3.55724500000000        7.11249000000000      -0.138549709703658     
   3.85351541666667       2.000000000000000E-003 -0.599622419325105     
   3.85351541666667       0.298270416666667      -0.591854613504222     
   3.85351541666667       0.594540833333333      -0.569852466281534     
   3.85351541666667       0.890811250000000      -0.537262458255003     
   3.85351541666667        1.18708166666667      -0.499398156440902     
   3.85351541666667        1.48335208333333      -0.462554154306033     
   3.85351541666667        1.77962250000000      -0.428321801326247     
   3.85351541666667        2.07589291666667      -0.397136742313242     
   3.85351541666667        2.37216333333333      -0.369733677634623     
   3.85351541666667        2.66843375000000      -0.345729051326385     
   3.85351541666667        2.96470416666667      -0.323817314919578     
   3.85351541666667        3.26097458333333      -0.303099210796752     
   3.85351541666667        3.55724500000000      -0.285337403866593     
   3.85351541666667        3.85351541666667      -0.265584059484934     
   3.85351541666667        4.14978583333333      -0.247767157056650     
   3.85351541666667        4.44605625000000      -0.228277392393893     
   3.85351541666667        4.74232666666667      -0.209471568885140     
   3.85351541666667        5.03859708333333      -0.193394670155039     
   3.85351541666667        5.33486750000000      -0.180434809996159     
   3.85351541666667        5.63113791666667      -0.170223407194486     
   3.85351541666667        5.92740833333333      -0.161915998270857     
   3.85351541666667        6.22367875000000      -0.154760503151997     
   3.85351541666667        6.51994916666667      -0.148656093712954     
   3.85351541666667        6.81621958333333      -0.143317642583725     
   3.85351541666667        7.11249000000000      -0.138406876930318     
   4.14978583333333       2.000000000000000E-003 -0.576863319966292     
   4.14978583333333       0.298270416666667      -0.569831674617756     
   4.14978583333333       0.594540833333333      -0.549730446157807     
   4.14978583333333       0.890811250000000      -0.519656029606633     
   4.14978583333333        1.18708166666667      -0.484252620727107     
   4.14978583333333        1.48335208333333      -0.449142214457791     
   4.14978583333333        1.77962250000000      -0.416312468760918     
   4.14978583333333        2.07589291666667      -0.386135036414490     
   4.14978583333333        2.37216333333333      -0.359038333175608     
   4.14978583333333        2.66843375000000      -0.334734091274610     
   4.14978583333333        2.96470416666667      -0.312921212196710     
   4.14978583333333        3.26097458333333      -0.294691215182329     
   4.14978583333333        3.55724500000000      -0.278313735497539     
   4.14978583333333        3.85351541666667      -0.257703296137577     
   4.14978583333333        4.14978583333333      -0.238561847404033     
   4.14978583333333        4.44605625000000      -0.221417218265918     
   4.14978583333333        4.74232666666667      -0.205338688436791     
   4.14978583333333        5.03859708333333      -0.191084303478736     
   4.14978583333333        5.33486750000000      -0.179134391731120     
   4.14978583333333        5.63113791666667      -0.169373336088676     
   4.14978583333333        5.92740833333333      -0.161187083319979     
   4.14978583333333        6.22367875000000      -0.154146696622218     
   4.14978583333333        6.51994916666667      -0.148139266009034     
   4.14978583333333        6.81621958333333      -0.142866856769390     
   4.14978583333333        7.11249000000000      -0.138002300949511     
   4.44605625000000       2.000000000000000E-003 -0.543364828816899     
   4.44605625000000       0.298270416666667      -0.537239056105889     
   4.44605625000000       0.594540833333333      -0.519648803035857     
   4.44605625000000       0.890811250000000      -0.493119316071840     
   4.44605625000000        1.18708166666667      -0.461426326679293     
   4.44605625000000        1.48335208333333      -0.428930564466847     
   4.44605625000000        1.77962250000000      -0.398601882796576     
   4.44605625000000        2.07589291666667      -0.370423201361700     
   4.44605625000000        2.37216333333333      -0.344797052800147     
   4.44605625000000        2.66843375000000      -0.321904567714045     
   4.44605625000000        2.96470416666667      -0.301893172949871     
   4.44605625000000        3.26097458333333      -0.284733715560956     
   4.44605625000000        3.55724500000000      -0.268020765535350     
   4.44605625000000        3.85351541666667      -0.249280887133221     
   4.44605625000000        4.14978583333333      -0.231073330055157     
   4.44605625000000        4.44605625000000      -0.215044653309608     
   4.44605625000000        4.74232666666667      -0.200765274871225     
   4.44605625000000        5.03859708333333      -0.188126891087713     
   4.44605625000000        5.33486750000000      -0.177250531989445     
   4.44605625000000        5.63113791666667      -0.168021520773798     
   4.44605625000000        5.92740833333333      -0.160052081068759     
   4.44605625000000        6.22367875000000      -0.153220645647476     
   4.44605625000000        6.51994916666667      -0.147370573722831     
   4.44605625000000        6.81621958333333      -0.142199672147267     
   4.44605625000000        7.11249000000000      -0.137404654172827     
   4.74232666666667       2.000000000000000E-003 -0.504656130897845     
   4.74232666666667       0.298270416666667      -0.499366848144632     
   4.74232666666667       0.594540833333333      -0.484234145282108     
   4.74232666666667       0.890811250000000      -0.461417236989264     
   4.74232666666667        1.18708166666667      -0.433936353775636     
   4.74232666666667        1.48335208333333      -0.405061458981242     
   4.74232666666667        1.77962250000000      -0.377575826219844     
   4.74232666666667        2.07589291666667      -0.352123169829806     
   4.74232666666667        2.37216333333333      -0.328890451774500     
   4.74232666666667        2.66843375000000      -0.308118672778420     
   4.74232666666667        2.96470416666667      -0.289784324051294     
   4.74232666666667        3.26097458333333      -0.273264810615694     
   4.74232666666667        3.55724500000000      -0.257024505053036     
   4.74232666666667        3.85351541666667      -0.240201000249861     
   4.74232666666667        4.14978583333333      -0.223884653352119     
   4.74232666666667        4.44605625000000      -0.209217506437926     
   4.74232666666667        4.74232666666667      -0.196288642485271     
   4.74232666666667        5.03859708333333      -0.184906287189679     
   4.74232666666667        5.33486750000000      -0.174948725120304     
   4.74232666666667        5.63113791666667      -0.166228931997113     
   4.74232666666667        5.92740833333333      -0.158622302186768     
   4.74232666666667        6.22367875000000      -0.152087125928779     
   4.74232666666667        6.51994916666667      -0.146443310515947     
   4.74232666666667        6.81621958333333      -0.141401349158169     
   4.74232666666667        7.11249000000000      -0.136696134688285     
   5.03859708333333       2.000000000000000E-003 -0.467296102599862     
   5.03859708333333       0.298270416666667      -0.462492186605827     
   5.03859708333333       0.594540833333333      -0.449079515382687     
   5.03859708333333       0.890811250000000      -0.428895293852140     
   5.03859708333333        1.18708166666667      -0.405045051333235     
   5.03859708333333        1.48335208333333      -0.379954514686207     
   5.03859708333333        1.77962250000000      -0.355557269116571     
   5.03859708333333        2.07589291666667      -0.332994148200471     
   5.03859708333333        2.37216333333333      -0.312401552222685     
   5.03859708333333        2.66843375000000      -0.293805386141039     
   5.03859708333333        2.96470416666667      -0.277011092683859     
   5.03859708333333        3.26097458333333      -0.261425902637911     
   5.03859708333333        3.55724500000000      -0.246227824160646     
   5.03859708333333        3.85351541666667      -0.231135311137356     
   5.03859708333333        4.14978583333333      -0.216685423047424     
   5.03859708333333        4.44605625000000      -0.203524876979183     
   5.03859708333333        4.74232666666667      -0.191838657067467     
   5.03859708333333        5.03859708333333      -0.181505217102725     
   5.03859708333333        5.33486750000000      -0.172321735823840     
   5.03859708333333        5.63113791666667      -0.164157021195344     
   5.03859708333333        5.92740833333333      -0.157014287730312     
   5.03859708333333        6.22367875000000      -0.150831588301840     
   5.03859708333333        6.51994916666667      -0.145422211223990     
   5.03859708333333        6.81621958333333      -0.140533656343224     
   5.03859708333333        7.11249000000000      -0.135944337525587     
   5.33486750000000       2.000000000000000E-003 -0.432418482861451     
   5.33486750000000       0.298270416666667      -0.428260844511361     
   5.33486750000000       0.594540833333333      -0.416249877688924     
   5.33486750000000       0.890811250000000      -0.398540237508172     
   5.33486750000000        1.18708166666667      -0.377539650117494     
   5.33486750000000        1.48335208333333      -0.355538783020589     
   5.33486750000000        1.77962250000000      -0.334253610623777     
   5.33486750000000        2.07589291666667      -0.314363366384829     
   5.33486750000000        2.37216333333333      -0.296172605753795     
   5.33486750000000        2.66843375000000      -0.279593674646010     
   5.33486750000000        2.96470416666667      -0.264334291659282     
   5.33486750000000        3.26097458333333      -0.249954336942012     
   5.33486750000000        3.55724500000000      -0.236029972008905     
   5.33486750000000        3.85351541666667      -0.222505899549052     
   5.33486750000000        4.14978583333333      -0.209683763647769     
   5.33486750000000        4.44605625000000      -0.197936761460276     
   5.33486750000000        4.74232666666667      -0.187400278412871     
   5.33486750000000        5.03859708333333      -0.177977449733115     
   5.33486750000000        5.33486750000000      -0.169497714839483     
   5.33486750000000        5.63113791666667      -0.161946204543766     
   5.33486750000000        5.92740833333333      -0.155308678922024     
   5.33486750000000        6.22367875000000      -0.149501574855492     
   5.33486750000000        6.51994916666667      -0.144355532572647     
   5.33486750000000        6.81621958333333      -0.139656775953779     
   5.33486750000000        7.11249000000000      -0.135225725562198     
   5.63113791666667       2.000000000000000E-003 -0.401031426398913     
   5.63113791666667       0.298270416666667      -0.397056317892372     
   5.63113791666667       0.594540833333333      -0.386046298269356     
   5.63113791666667       0.890811250000000      -0.370347727488676     
   5.63113791666667        1.18708166666667      -0.352068356804070     
   5.63113791666667        1.48335208333333      -0.332958526967261     
   5.63113791666667        1.77962250000000      -0.314347655309199     
   5.63113791666667        2.07589291666667      -0.296924991194714     
   5.63113791666667        2.37216333333333      -0.280818777788873     
   5.63113791666667        2.66843375000000      -0.265989068374443     
   5.63113791666667        2.96470416666667      -0.252213088390451     
   5.63113791666667        3.26097458333333      -0.239150465854485     
   5.63113791666667        3.55724500000000      -0.226570823175680     
   5.63113791666667        3.85351541666667      -0.214476041717827     
   5.63113791666667        4.14978583333333      -0.203072904302258     
   5.63113791666667        4.44605625000000      -0.192581025749992     
   5.63113791666667        4.74232666666667      -0.183033229682045     
   5.63113791666667        5.03859708333333      -0.174385760126562     
   5.63113791666667        5.33486750000000      -0.166607920147549     
   5.63113791666667        5.63113791666667      -0.159681164911703     
   5.63113791666667        5.92740833333333      -0.153553176029971     
   5.63113791666667        6.22367875000000      -0.148137922672196     
   5.63113791666667        6.51994916666667      -0.143282878071701     
   5.63113791666667        6.81621958333333      -0.138809434304488     
   5.63113791666667        7.11249000000000      -0.134571887914327     
   5.92740833333333       2.000000000000000E-003 -0.373767625351824     
   5.92740833333333       0.298270416666667      -0.369628064583909     
   5.92740833333333       0.594540833333333      -0.358943913181955     
   5.92740833333333       0.890811250000000      -0.344718858461709     
   5.92740833333333        1.18708166666667      -0.328829662712976     
   5.92740833333333        1.48335208333333      -0.312356488693445     
   5.92740833333333        1.77962250000000      -0.296144637469929     
   5.92740833333333        2.07589291666667      -0.280806737933632     
   5.92740833333333        2.37216333333333      -0.266547668255868     
   5.92740833333333        2.66843375000000      -0.253295798956297     
   5.92740833333333        2.96470416666667      -0.240887795124996     
   5.92740833333333        3.26097458333333      -0.229120316414183     
   5.92740833333333        3.55724500000000      -0.217851189020421     
   5.92740833333333        3.85351541666667      -0.207073319433572     
   5.92740833333333        4.14978583333333      -0.196888222549727     
   5.92740833333333        4.44605625000000      -0.187410784045365     
   5.92740833333333        4.74232666666667      -0.178709463283955     
   5.92740833333333        5.03859708333333      -0.170811173183818     
   5.92740833333333        5.33486750000000      -0.163717523939229     
   5.92740833333333        5.63113791666667      -0.157395542367905     
   5.92740833333333        5.92740833333333      -0.151782953165335     
   5.92740833333333        6.22367875000000      -0.146775951920007     
   5.92740833333333        6.51994916666667      -0.142225386204544     
   5.92740833333333        6.81621958333333      -0.137992076382285     
   5.92740833333333        7.11249000000000      -0.133977121737065     
   6.22367875000000       2.000000000000000E-003 -0.350573668433034     
   6.22367875000000       0.298270416666667      -0.345614118631440     
   6.22367875000000       0.594540833333333      -0.334636349067073     
   6.22367875000000       0.890811250000000      -0.321826586786040     
   6.22367875000000        1.18708166666667      -0.308053303069833     
   6.22367875000000        1.48335208333333      -0.293754197957104     
   6.22367875000000        1.77962250000000      -0.279558399993200     
   6.22367875000000        2.07589291666667      -0.265968729342564     
   6.22367875000000        2.37216333333333      -0.253287932164717     
   6.22367875000000        2.66843375000000      -0.241486552708523     
   6.22367875000000        2.96470416666667      -0.230407457877734     
   6.22367875000000        3.26097458333333      -0.219888357654838     
   6.22367875000000        3.55724500000000      -0.209817112232242     
   6.22367875000000        3.85351541666667      -0.200169758243766     
   6.22367875000000        4.14978583333333      -0.191002744594683     
   6.22367875000000        4.44605625000000      -0.182410538920022     
   6.22367875000000        4.74232666666667      -0.174483821941995     
   6.22367875000000        5.03859708333333      -0.167285251189961     
   6.22367875000000        5.33486750000000      -0.160834581949497     
   6.22367875000000        5.63113791666667      -0.155095585652332     
   6.22367875000000        5.92740833333333      -0.150003032130098     
   6.22367875000000        6.22367875000000      -0.145427796811009     
   6.22367875000000        6.51994916666667      -0.141188208458593     
   6.22367875000000        6.81621958333333      -0.137171081358056     
   6.22367875000000        7.11249000000000      -0.133395825122272     
   6.51994916666667       2.000000000000000E-003 -0.330321122572089     
   6.51994916666667       0.298270416666667      -0.323706311658682     
   6.51994916666667       0.594540833333333      -0.312832301353204     
   6.51994916666667       0.890811250000000      -0.301813117056251     
   6.51994916666667        1.18708166666667      -0.289716797938133     
   6.51994916666667        1.48335208333333      -0.276958038722691     
   6.51994916666667        1.77962250000000      -0.264297444187842     
   6.51994916666667        2.07589291666667      -0.252189623164824     
   6.51994916666667        2.37216333333333      -0.240876155976412     
   6.51994916666667        2.66843375000000      -0.230403388142743     
   6.51994916666667        2.96470416666667      -0.220582659298346     
   6.51994916666667        3.26097458333333      -0.211246839175956     
   6.51994916666667        3.55724500000000      -0.202278467776853     
   6.51994916666667        3.85351541666667      -0.193637633591166     
   6.51994916666667        4.14978583333333      -0.185366475403759     
   6.51994916666667        4.44605625000000      -0.177562324623174     
   6.51994916666667        4.74232666666667      -0.170336012881475     
   6.51994916666667        5.03859708333333      -0.163772417400696     
   6.51994916666667        5.33486750000000      -0.157910473933680     
   6.51994916666667        5.63113791666667      -0.152726940102494     
   6.51994916666667        5.92740833333333      -0.148159007651996     
   6.51994916666667        6.22367875000000      -0.144060572352845     
   6.51994916666667        6.51994916666667      -0.140175355081455     
   6.51994916666667        6.81621958333333      -0.136318854341095     
   6.51994916666667        7.11249000000000      -0.132754254555813     
   6.81621958333333       2.000000000000000E-003 -0.309444967018203     
   6.81621958333333       0.298270416666667      -0.303004477513644     
   6.81621958333333       0.594540833333333      -0.294597777517208     
   6.81621958333333       0.890811250000000      -0.284650613364286     
   6.81621958333333        1.18708166666667      -0.273198817108931     
   6.81621958333333        1.48335208333333      -0.261379135629538     
   6.81621958333333        1.77962250000000      -0.249921866887881     
   6.81621958333333        2.07589291666667      -0.239128928741937     
   6.81621958333333        2.37216333333333      -0.229108542479785     
   6.81621958333333        2.66843375000000      -0.219883046697316     
   6.81621958333333        2.96470416666667      -0.211245125063961     
   6.81621958333333        3.26097458333333      -0.203015152629057     
   6.81621958333333        3.55724500000000      -0.195062989250566     
   6.81621958333333        3.85351541666667      -0.187335649735546     
   6.81621958333333        4.14978583333333      -0.179872804582884     
   6.81621958333333        4.44605625000000      -0.172781886869976     
   6.81621958333333        4.74232666666667      -0.166190105894431     
   6.81621958333333        5.03859708333333      -0.160199511093310     
   6.81621958333333        5.33486750000000      -0.154864250041491     
   6.81621958333333        5.63113791666667      -0.150184548277939     
   6.81621958333333        5.92740833333333      -0.146110330743152     
   6.81621958333333        6.22367875000000      -0.142510918523807     
   6.81621958333333        6.51994916666667      -0.139105519833133     
   6.81621958333333        6.81621958333333      -0.135448449782951     
   6.81621958333333        7.11249000000000      -0.131798491705837     
   7.11249000000000       2.000000000000000E-003 -0.284612777705815     
   7.11249000000000       0.298270416666667      -0.285291119719704     
   7.11249000000000       0.594540833333333      -0.278244976519891     
   7.11249000000000       0.890811250000000      -0.267962709793758     
   7.11249000000000        1.18708166666667      -0.256977592439917     
   7.11249000000000        1.48335208333333      -0.246192774928238     
   7.11249000000000        1.77962250000000      -0.236005988529058     
   7.11249000000000        2.07589291666667      -0.226554801376658     
   7.11249000000000        2.37216333333333      -0.217841615409634     
   7.11249000000000        2.66843375000000      -0.209812116057123     
   7.11249000000000        2.96470416666667      -0.202276239502107     
   7.11249000000000        3.26097458333333      -0.195062203696587     
   7.11249000000000        3.55724500000000      -0.188036503192701     
   7.11249000000000        3.85351541666667      -0.181140455960622     
   7.11249000000000        4.14978583333333      -0.174415923044258     
   7.11249000000000        4.44605625000000      -0.167979703308923     
   7.11249000000000        4.74232666666667      -0.161969366770649     
   7.11249000000000        5.03859708333333      -0.156493232347279     
   7.11249000000000        5.33486750000000      -0.151623793879597     
   7.11249000000000        5.63113791666667      -0.147368670682916     
   7.11249000000000        5.92740833333333      -0.143689821411189     
   7.11249000000000        6.22367875000000      -0.140475994591820     
   7.11249000000000        6.51994916666667      -0.137479340502704     
   7.11249000000000        6.81621958333333      -0.134071298670086     
   7.11249000000000        7.11249000000000      -0.129834013383551     
