  2.000000000000000E-003  2.000000000000000E-003 -0.252531177529240     
  2.000000000000000E-003  0.298270416666667      -0.263062719668184     
  2.000000000000000E-003  0.594540833333333      -0.267795867144027     
  2.000000000000000E-003  0.890811250000000      -0.268211085764765     
  2.000000000000000E-003   1.18708166666667      -0.267083807956822     
  2.000000000000000E-003   1.48335208333333      -0.265303080661354     
  2.000000000000000E-003   1.77962250000000      -0.263051442436091     
  2.000000000000000E-003   2.07589291666667      -0.260316431927252     
  2.000000000000000E-003   2.37216333333333      -0.257017541167786     
  2.000000000000000E-003   2.66843375000000      -0.253090085902968     
  2.000000000000000E-003   2.96470416666667      -0.248317185703296     
  2.000000000000000E-003   3.26097458333333      -0.242621487620922     
  2.000000000000000E-003   3.55724500000000      -0.236046115202642     
  2.000000000000000E-003   3.85351541666667      -0.228750021996270     
  2.000000000000000E-003   4.14978583333333      -0.221004056063339     
  2.000000000000000E-003   4.44605625000000      -0.213139769440990     
  2.000000000000000E-003   4.74232666666667      -0.205474998596549     
  2.000000000000000E-003   5.03859708333333      -0.198256306829800     
  2.000000000000000E-003   5.33486750000000      -0.191672519957269     
  2.000000000000000E-003   5.63113791666667      -0.185819131908709     
  2.000000000000000E-003   5.92740833333333      -0.180717155323914     
  2.000000000000000E-003   6.22367875000000      -0.176239617145246     
  2.000000000000000E-003   6.51994916666667      -0.171860070963588     
  2.000000000000000E-003   6.81621958333333      -0.166192488095926     
  2.000000000000000E-003   7.11249000000000      -0.159252138438485     
  0.298270416666667       2.000000000000000E-003 -0.273217208782982     
  0.298270416666667       0.298270416666667      -0.274158205918143     
  0.298270416666667       0.594540833333333      -0.279286181094925     
  0.298270416666667       0.890811250000000      -0.283022422719878     
  0.298270416666667        1.18708166666667      -0.284359983025517     
  0.298270416666667        1.48335208333333      -0.284129411667143     
  0.298270416666667        1.77962250000000      -0.282733162316852     
  0.298270416666667        2.07589291666667      -0.280294189503222     
  0.298270416666667        2.37216333333333      -0.276853101781013     
  0.298270416666667        2.66843375000000      -0.272323329718504     
  0.298270416666667        2.96470416666667      -0.266548582805590     
  0.298270416666667        3.26097458333333      -0.259544098686096     
  0.298270416666667        3.55724500000000      -0.251468874794926     
  0.298270416666667        3.85351541666667      -0.242605963604752     
  0.298270416666667        4.14978583333333      -0.233332135155563     
  0.298270416666667        4.44605625000000      -0.224049885605899     
  0.298270416666667        4.74232666666667      -0.215110098108456     
  0.298270416666667        5.03859708333333      -0.206761104451981     
  0.298270416666667        5.33486750000000      -0.199103107276884     
  0.298270416666667        5.63113791666667      -0.192173334097309     
  0.298270416666667        5.92740833333333      -0.185952724360176     
  0.298270416666667        6.22367875000000      -0.180293430352803     
  0.298270416666667        6.51994916666667      -0.174938461128681     
  0.298270416666667        6.81621958333333      -0.170047863400827     
  0.298270416666667        7.11249000000000      -0.164101601797577     
  0.594540833333333       2.000000000000000E-003 -0.290718690431922     
  0.594540833333333       0.298270416666667      -0.292569333242235     
  0.594540833333333       0.594540833333333      -0.293994012427117     
  0.594540833333333       0.890811250000000      -0.298950588697316     
  0.594540833333333        1.18708166666667      -0.303084009017030     
  0.594540833333333        1.48335208333333      -0.305096241315678     
  0.594540833333333        1.77962250000000      -0.305033751710228     
  0.594540833333333        2.07589291666667      -0.303128195206397     
  0.594540833333333        2.37216333333333      -0.299551945707336     
  0.594540833333333        2.66843375000000      -0.294259108792944     
  0.594540833333333        2.96470416666667      -0.287208663755464     
  0.594540833333333        3.26097458333333      -0.278550718538183     
  0.594540833333333        3.55724500000000      -0.268597162826183     
  0.594540833333333        3.85351541666667      -0.257797220779988     
  0.594540833333333        4.14978583333333      -0.246672222237265     
  0.594540833333333        4.44605625000000      -0.235711175257161     
  0.594540833333333        4.74232666666667      -0.225284642118188     
  0.594540833333333        5.03859708333333      -0.215619298083328     
  0.594540833333333        5.33486750000000      -0.206737631538807     
  0.594540833333333        5.63113791666667      -0.198616222380094     
  0.594540833333333        5.92740833333333      -0.191296744213855     
  0.594540833333333        6.22367875000000      -0.184840745039985     
  0.594540833333333        6.51994916666667      -0.179375259066953     
  0.594540833333333        6.81621958333333      -0.174512674747626     
  0.594540833333333        7.11249000000000      -0.167286572928336     
  0.890811250000000       2.000000000000000E-003 -0.302781361694362     
  0.890811250000000       0.298270416666667      -0.309763910241106     
  0.890811250000000       0.594540833333333      -0.314091452402740     
  0.890811250000000       0.890811250000000      -0.320235066091332     
  0.890811250000000        1.18708166666667      -0.326260522802028     
  0.890811250000000        1.48335208333333      -0.330173153001873     
  0.890811250000000        1.77962250000000      -0.331343522271610     
  0.890811250000000        2.07589291666667      -0.329884759184854     
  0.890811250000000        2.37216333333333      -0.325987017204012     
  0.890811250000000        2.66843375000000      -0.319630585019954     
  0.890811250000000        2.96470416666667      -0.310939576535871     
  0.890811250000000        3.26097458333333      -0.300209665834289     
  0.890811250000000        3.55724500000000      -0.287913922414136     
  0.890811250000000        3.85351541666667      -0.274710272701867     
  0.890811250000000        4.14978583333333      -0.261330315839911     
  0.890811250000000        4.44605625000000      -0.248382115110920     
  0.890811250000000        4.74232666666667      -0.236228522106793     
  0.890811250000000        5.03859708333333      -0.225018156502665     
  0.890811250000000        5.33486750000000      -0.214738873744143     
  0.890811250000000        5.63113791666667      -0.205295691727624     
  0.890811250000000        5.92740833333333      -0.196814558151944     
  0.890811250000000        6.22367875000000      -0.189469728783639     
  0.890811250000000        6.51994916666667      -0.183237400121734     
  0.890811250000000        6.81621958333333      -0.177206059515742     
  0.890811250000000        7.11249000000000      -0.169731985070979     
   1.18708166666667       2.000000000000000E-003 -0.314808631257200     
   1.18708166666667       0.298270416666667      -0.326828053482821     
   1.18708166666667       0.594540833333333      -0.336684071488448     
   1.18708166666667       0.890811250000000      -0.346301090685066     
   1.18708166666667        1.18708166666667      -0.354815466560052     
   1.18708166666667        1.48335208333333      -0.360641559159194     
   1.18708166666667        1.77962250000000      -0.362990857472192     
   1.18708166666667        2.07589291666667      -0.361860088996305     
   1.18708166666667        2.37216333333333      -0.357326369195334     
   1.18708166666667        2.66843375000000      -0.349510295552655     
   1.18708166666667        2.96470416666667      -0.338744556693942     
   1.18708166666667        3.26097458333333      -0.325436771361815     
   1.18708166666667        3.55724500000000      -0.310167585245728     
   1.18708166666667        3.85351541666667      -0.293872690391085     
   1.18708166666667        4.14978583333333      -0.277664709874751     
   1.18708166666667        4.44605625000000      -0.262350861057269     
   1.18708166666667        4.74232666666667      -0.248216060323741     
   1.18708166666667        5.03859708333333      -0.235218337736255     
   1.18708166666667        5.33486750000000      -0.223266346799143     
   1.18708166666667        5.63113791666667      -0.212261617117742     
   1.18708166666667        5.92740833333333      -0.202344115136995     
   1.18708166666667        6.22367875000000      -0.193713150627656     
   1.18708166666667        6.51994916666667      -0.186245475753815     
   1.18708166666667        6.81621958333333      -0.179189907967266     
   1.18708166666667        7.11249000000000      -0.171668004166670     
   1.48335208333333       2.000000000000000E-003 -0.328852077295058     
   1.48335208333333       0.298270416666667      -0.345987775895699     
   1.48335208333333       0.594540833333333      -0.361914829306507     
   1.48335208333333       0.890811250000000      -0.376593517878085     
   1.48335208333333        1.18708166666667      -0.388845652085732     
   1.48335208333333        1.48335208333333      -0.397299148273404     
   1.48335208333333        1.77962250000000      -0.401291097927183     
   1.48335208333333        2.07589291666667      -0.400595804059860     
   1.48335208333333        2.37216333333333      -0.395173550796725     
   1.48335208333333        2.66843375000000      -0.385471075960866     
   1.48335208333333        2.96470416666667      -0.372157284490607     
   1.48335208333333        3.26097458333333      -0.355594079924699     
   1.48335208333333        3.55724500000000      -0.336446156272221     
   1.48335208333333        3.85351541666667      -0.315949663710324     
   1.48335208333333        4.14978583333333      -0.295931913536819     
   1.48335208333333        4.44605625000000      -0.277820982520331     
   1.48335208333333        4.74232666666667      -0.261516513074360     
   1.48335208333333        5.03859708333333      -0.246511746838092     
   1.48335208333333        5.33486750000000      -0.232535557731100     
   1.48335208333333        5.63113791666667      -0.219615330342882     
   1.48335208333333        5.92740833333333      -0.207919210525328     
   1.48335208333333        6.22367875000000      -0.197711039238790     
   1.48335208333333        6.51994916666667      -0.188916226349637     
   1.48335208333333        6.81621958333333      -0.180999139946715     
   1.48335208333333        7.11249000000000      -0.173299651447479     
   1.77962250000000       2.000000000000000E-003 -0.345140960806251     
   1.77962250000000       0.298270416666667      -0.367868811485795     
   1.77962250000000       0.594540833333333      -0.390328093424248     
   1.77962250000000       0.890811250000000      -0.411138698065070     
   1.77962250000000        1.18708166666667      -0.428521282156154     
   1.77962250000000        1.48335208333333      -0.441025619869220     
   1.77962250000000        1.77962250000000      -0.447835116473533     
   1.77962250000000        2.07589291666667      -0.448266474077584     
   1.77962250000000        2.37216333333333      -0.441986459337240     
   1.77962250000000        2.66843375000000      -0.429291502988760     
   1.77962250000000        2.96470416666667      -0.412039342343557     
   1.77962250000000        3.26097458333333      -0.391558853941296     
   1.77962250000000        3.55724500000000      -0.368078321725958     
   1.77962250000000        3.85351541666667      -0.342587148623833     
   1.77962250000000        4.14978583333333      -0.317701444469020     
   1.77962250000000        4.44605625000000      -0.295633881466226     
   1.77962250000000        4.74232666666667      -0.276539568930419     
   1.77962250000000        5.03859708333333      -0.259272990436332     
   1.77962250000000        5.33486750000000      -0.242855699274192     
   1.77962250000000        5.63113791666667      -0.227513063081520     
   1.77962250000000        5.92740833333333      -0.213677052926278     
   1.77962250000000        6.22367875000000      -0.201683904334733     
   1.77962250000000        6.51994916666667      -0.191543310312135     
   1.77962250000000        6.81621958333333      -0.182810805111356     
   1.77962250000000        7.11249000000000      -0.174819123064516     
   2.07589291666667       2.000000000000000E-003 -0.363293597721438     
   2.07589291666667       0.298270416666667      -0.392173701207976     
   2.07589291666667       0.594540833333333      -0.421829111750777     
   2.07589291666667       0.890811250000000      -0.449824877192175     
   2.07589291666667        1.18708166666667      -0.473914944161600     
   2.07589291666667        1.48335208333333      -0.492466208160290     
   2.07589291666667        1.77962250000000      -0.504525988759111     
   2.07589291666667        2.07589291666667      -0.508288210060459     
   2.07589291666667        2.37216333333333      -0.500319891407052     
   2.07589291666667        2.66843375000000      -0.482647885389298     
   2.07589291666667        2.96470416666667      -0.459943287634105     
   2.07589291666667        3.26097458333333      -0.435281484586531     
   2.07589291666667        3.55724500000000      -0.407330300030324     
   2.07589291666667        3.85351541666667      -0.375544924486445     
   2.07589291666667        4.14978583333333      -0.344487013846908     
   2.07589291666667        4.44605625000000      -0.317955693178377     
   2.07589291666667        4.74232666666667      -0.295229460762558     
   2.07589291666667        5.03859708333333      -0.274292593413553     
   2.07589291666667        5.33486750000000      -0.254521085895903     
   2.07589291666667        5.63113791666667      -0.236108859238960     
   2.07589291666667        5.92740833333333      -0.219691268593085     
   2.07589291666667        6.22367875000000      -0.205710189650754     
   2.07589291666667        6.51994916666667      -0.194182974178528     
   2.07589291666667        6.81621958333333      -0.184641905391755     
   2.07589291666667        7.11249000000000      -0.176299370979674     
   2.37216333333333       2.000000000000000E-003 -0.382638706568549     
   2.37216333333333       0.298270416666667      -0.418220360762174     
   2.37216333333333       0.594540833333333      -0.455521391410542     
   2.37216333333333       0.890811250000000      -0.491486045218914     
   2.37216333333333        1.18708166666667      -0.523611369758864     
   2.37216333333333        1.48335208333333      -0.551067126043293     
   2.37216333333333        1.77962250000000      -0.573638849246014     
   2.37216333333333        2.07589291666667      -0.582224803226116     
   2.37216333333333        2.37216333333333      -0.572708774876708     
   2.37216333333333        2.66843375000000      -0.548216742852345     
   2.37216333333333        2.96470416666667      -0.517542507392721     
   2.37216333333333        3.26097458333333      -0.488820886827014     
   2.37216333333333        3.55724500000000      -0.456953032260282     
   2.37216333333333        3.85351541666667      -0.416264584875072     
   2.37216333333333        4.14978583333333      -0.377378456174789     
   2.37216333333333        4.44605625000000      -0.346837390612427     
   2.37216333333333        4.74232666666667      -0.319930432561934     
   2.37216333333333        5.03859708333333      -0.293284102229801     
   2.37216333333333        5.33486750000000      -0.267788306962896     
   2.37216333333333        5.63113791666667      -0.245296838137164     
   2.37216333333333        5.92740833333333      -0.225848454682454     
   2.37216333333333        6.22367875000000      -0.209695180386629     
   2.37216333333333        6.51994916666667      -0.196752949086812     
   2.37216333333333        6.81621958333333      -0.186411311736331     
   2.37216333333333        7.11249000000000      -0.177708335433396     
   2.66843375000000       2.000000000000000E-003 -0.401722149402459     
   2.66843375000000       0.298270416666667      -0.443817331763446     
   2.66843375000000       0.594540833333333      -0.488468194189854     
   2.66843375000000       0.890811250000000      -0.532350196761323     
   2.66843375000000        1.18708166666667      -0.573737730390713     
   2.66843375000000        1.48335208333333      -0.614371318548427     
   2.66843375000000        1.77962250000000      -0.651093345973509     
   2.66843375000000        2.07589291666667      -0.668180794025294     
   2.66843375000000        2.37216333333333      -0.660757963093982     
   2.66843375000000        2.66843375000000      -0.629052417663067     
   2.66843375000000        2.96470416666667      -0.585278571915801     
   2.66843375000000        3.26097458333333      -0.551586778143353     
   2.66843375000000        3.55724500000000      -0.518684137552206     
   2.66843375000000        3.85351541666667      -0.464829784801366     
   2.66843375000000        4.14978583333333      -0.419394533472049     
   2.66843375000000        4.44605625000000      -0.387856619985660     
   2.66843375000000        4.74232666666667      -0.354512503640268     
   2.66843375000000        5.03859708333333      -0.317778918713844     
   2.66843375000000        5.33486750000000      -0.283019189337584     
   2.66843375000000        5.63113791666667      -0.254547202939441     
   2.66843375000000        5.92740833333333      -0.231781470726283     
   2.66843375000000        6.22367875000000      -0.213419287013219     
   2.66843375000000        6.51994916666667      -0.199094765931278     
   2.66843375000000        6.81621958333333      -0.188006105379839     
   2.66843375000000        7.11249000000000      -0.178980948060710     
   2.96470416666667       2.000000000000000E-003 -0.417838988964235     
   2.96470416666667       0.298270416666667      -0.465427269730708     
   2.96470416666667       0.594540833333333      -0.516309883131220     
   2.96470416666667       0.890811250000000      -0.567327785899797     
   2.96470416666667        1.18708166666667      -0.618378658067392     
   2.96470416666667        1.48335208333333      -0.675704698563388     
   2.96470416666667        1.77962250000000      -0.726450251449139     
   2.96470416666667        2.07589291666667      -0.757089370474834     
   2.96470416666667        2.37216333333333      -0.760548869275147     
   2.96470416666667        2.66843375000000      -0.728503680896443     
   2.96470416666667        2.96470416666667      -0.666209841524501     
   2.96470416666667        3.26097458333333      -0.615912347439008     
   2.96470416666667        3.55724500000000      -0.586131783894287     
   2.96470416666667        3.85351541666667      -0.520190796333815     
   2.96470416666667        4.14978583333333      -0.484638876773778     
   2.96470416666667        4.44605625000000      -0.453126106388260     
   2.96470416666667        4.74232666666667      -0.402706366926057     
   2.96470416666667        5.03859708333333      -0.347367843616937     
   2.96470416666667        5.33486750000000      -0.299209104472142     
   2.96470416666667        5.63113791666667      -0.262778533199406     
   2.96470416666667        5.92740833333333      -0.236850587228540     
   2.96470416666667        6.22367875000000      -0.216534550375720     
   2.96470416666667        6.51994916666667      -0.201024454211436     
   2.96470416666667        6.81621958333333      -0.189305269617425     
   2.96470416666667        7.11249000000000      -0.180012859543097     
   3.26097458333333       2.000000000000000E-003 -0.428644003815728     
   3.26097458333333       0.298270416666667      -0.479904532372578     
   3.26097458333333       0.594540833333333      -0.535003994114955     
   3.26097458333333       0.890811250000000      -0.591144422262292     
   3.26097458333333        1.18708166666667      -0.649976625454453     
   3.26097458333333        1.48335208333333      -0.720012004873423     
   3.26097458333333        1.77962250000000      -0.783868582607592     
   3.26097458333333        2.07589291666667      -0.829473722401469     
   3.26097458333333        2.37216333333333      -0.851072932108140     
   3.26097458333333        2.66843375000000      -0.836695584395479     
   3.26097458333333        2.96470416666667      -0.776093787089209     
   3.26097458333333        3.26097458333333      -0.686955141261647     
   3.26097458333333        3.55724500000000      -0.632187232172159     
   3.26097458333333        3.85351541666667      -0.604834162739812     
   3.26097458333333        4.14978583333333      -0.605250241812653     
   3.26097458333333        4.44605625000000      -0.544052870729900     
   3.26097458333333        4.74232666666667      -0.455709802526230     
   3.26097458333333        5.03859708333333      -0.375091435920685     
   3.26097458333333        5.33486750000000      -0.312707204749398     
   3.26097458333333        5.63113791666667      -0.268969127348640     
   3.26097458333333        5.92740833333333      -0.240290585324523     
   3.26097458333333        6.22367875000000      -0.218624144050391     
   3.26097458333333        6.51994916666667      -0.202308777991834     
   3.26097458333333        6.81621958333333      -0.190163582172974     
   3.26097458333333        7.11249000000000      -0.180691345838046     
   3.55724500000000       2.000000000000000E-003 -0.432473171214792     
   3.55724500000000       0.298270416666667      -0.485024503300352     
   3.55724500000000       0.594540833333333      -0.541616416917265     
   3.55724500000000       0.890811250000000      -0.599638339606478     
   3.55724500000000        1.18708166666667      -0.661513358443781     
   3.55724500000000        1.48335208333333      -0.736852344033350     
   3.55724500000000        1.77962250000000      -0.804801548724554     
   3.55724500000000        2.07589291666667      -0.857827366705772     
   3.55724500000000        2.37216333333333      -0.889728926012131     
   3.55724500000000        2.66843375000000      -0.891964664095088     
   3.55724500000000        2.96470416666667      -0.857033333293322     
   3.55724500000000        3.26097458333333      -0.779466105747125     
   3.55724500000000        3.55724500000000      -0.642470606840239     
   3.55724500000000        3.85351541666667      -0.708593182895684     
   3.55724500000000        4.14978583333333      -0.702238343444480     
   3.55724500000000        4.44605625000000      -0.596460117727326     
   3.55724500000000        4.74232666666667      -0.480952716086452     
   3.55724500000000        5.03859708333333      -0.386968526441353     
   3.55724500000000        5.33486750000000      -0.318104721848799     
   3.55724500000000        5.63113791666667      -0.271254679033965     
   3.55724500000000        5.92740833333333      -0.241495306400231     
   3.55724500000000        6.22367875000000      -0.219349874665588     
   3.55724500000000        6.51994916666667      -0.202752993148692     
   3.55724500000000        6.81621958333333      -0.190461921017061     
   3.55724500000000        7.11249000000000      -0.180931517768651     
   3.85351541666667       2.000000000000000E-003 -0.428670111890954     
   3.85351541666667       0.298270416666667      -0.479948243382479     
   3.85351541666667       0.594540833333333      -0.535059769707567     
   3.85351541666667       0.890811250000000      -0.591204182485696     
   3.85351541666667        1.18708166666667      -0.650032519520328     
   3.85351541666667        1.48335208333333      -0.720059004625743     
   3.85351541666667        1.77962250000000      -0.783904454073095     
   3.85351541666667        2.07589291666667      -0.829493316027872     
   3.85351541666667        2.37216333333333      -0.851065665789078     
   3.85351541666667        2.66843375000000      -0.836642048403958     
   3.85351541666667        2.96470416666667      -0.775970142153519     
   3.85351541666667        3.26097458333333      -0.686776585230640     
   3.85351541666667        3.55724500000000      -0.632039973880719     
   3.85351541666667        3.85351541666667      -0.604804534197021     
   3.85351541666667        4.14978583333333      -0.605294070129969     
   3.85351541666667        4.44605625000000      -0.544077782164095     
   3.85351541666667        4.74232666666667      -0.455701830081912     
   3.85351541666667        5.03859708333333      -0.375058374624606     
   3.85351541666667        5.33486750000000      -0.312659339531005     
   3.85351541666667        5.63113791666667      -0.268917590237487     
   3.85351541666667        5.92740833333333      -0.240243785252141     
   3.85351541666667        6.22367875000000      -0.218585711409093     
   3.85351541666667        6.51994916666667      -0.202285237047971     
   3.85351541666667        6.81621958333333      -0.190160239815179     
   3.85351541666667        7.11249000000000      -0.180709367941197     
   4.14978583333333       2.000000000000000E-003 -0.417882707183326     
   4.14978583333333       0.298270416666667      -0.465505070937785     
   4.14978583333333       0.594540833333333      -0.516411410640634     
   4.14978583333333       0.890811250000000      -0.567437552872389     
   4.14978583333333        1.18708166666667      -0.618481135518646     
   4.14978583333333        1.48335208333333      -0.675789575643769     
   4.14978583333333        1.77962250000000      -0.726513664865571     
   4.14978583333333        2.07589291666667      -0.757126054249786     
   4.14978583333333        2.37216333333333      -0.760547804762904     
   4.14978583333333        2.66843375000000      -0.728451362390691     
   4.14978583333333        2.96470416666667      -0.666100409699785     
   4.14978583333333        3.26097458333333      -0.615757855916045     
   4.14978583333333        3.55724500000000      -0.585936674381213     
   4.14978583333333        3.85351541666667      -0.520050617050047     
   4.14978583333333        4.14978583333333      -0.484604094449596     
   4.14978583333333        4.44605625000000      -0.453116626951233     
   4.14978583333333        4.74232666666667      -0.402674005070138     
   4.14978583333333        5.03859708333333      -0.347305390908207     
   4.14978583333333        5.33486750000000      -0.299125883642987     
   4.14978583333333        5.63113791666667      -0.262690810058296     
   4.14978583333333        5.92740833333333      -0.236770961810834     
   4.14978583333333        6.22367875000000      -0.216470497644902     
   4.14978583333333        6.51994916666667      -0.200989020969941     
   4.14978583333333        6.81621958333333      -0.189308233473453     
   4.14978583333333        7.11249000000000      -0.180055872082669     
   4.44605625000000       2.000000000000000E-003 -0.401768001488178     
   4.44605625000000       0.298270416666667      -0.443912719818610     
   4.44605625000000       0.594540833333333      -0.488599045032028     
   4.44605625000000       0.890811250000000      -0.532493839632300     
   4.44605625000000        1.18708166666667      -0.573871094209910     
   4.44605625000000        1.48335208333333      -0.614478598434066     
   4.44605625000000        1.77962250000000      -0.651169618516460     
   4.44605625000000        2.07589291666667      -0.668224632210841     
   4.44605625000000        2.37216333333333      -0.660764712398689     
   4.44605625000000        2.66843375000000      -0.629018278881665     
   4.44605625000000        2.96470416666667      -0.585204732317536     
   4.44605625000000        3.26097458333333      -0.551473733048101     
   4.44605625000000        3.55724500000000      -0.518536401630849     
   4.44605625000000        3.85351541666667      -0.464699013924219     
   4.44605625000000        4.14978583333333      -0.419321212504218     
   4.44605625000000        4.44605625000000      -0.387812379818535     
   4.44605625000000        4.74232666666667      -0.354458739223400     
   4.44605625000000        5.03859708333333      -0.317700814966107     
   4.44605625000000        5.33486750000000      -0.282922621674648     
   4.44605625000000        5.63113791666667      -0.254449069801839     
   4.44605625000000        5.92740833333333      -0.231690908696369     
   4.44605625000000        6.22367875000000      -0.213350526812978     
   4.44605625000000        6.51994916666667      -0.199066956516443     
   4.44605625000000        6.81621958333333      -0.188032692148514     
   4.44605625000000        7.11249000000000      -0.179062518292462     
   4.74232666666667       2.000000000000000E-003 -0.382665836171856     
   4.74232666666667       0.298270416666667      -0.418315037656238     
   4.74232666666667       0.594540833333333      -0.455665458968488     
   4.74232666666667       0.890811250000000      -0.491647336938849     
   4.74232666666667        1.18708166666667      -0.523758247616199     
   4.74232666666667        1.48335208333333      -0.551179301387697     
   4.74232666666667        1.77962250000000      -0.573710357605041     
   4.74232666666667        2.07589291666667      -0.582259843076935     
   4.74232666666667        2.37216333333333      -0.572710980669274     
   4.74232666666667        2.66843375000000      -0.548189104154935     
   4.74232666666667        2.96470416666667      -0.517488406204917     
   4.74232666666667        3.26097458333333      -0.488742776119892     
   4.74232666666667        3.55724500000000      -0.456858804417413     
   4.74232666666667        3.85351541666667      -0.416177509150559     
   4.74232666666667        4.14978583333333      -0.377315844474296     
   4.74232666666667        4.44605625000000      -0.346789318850133     
   4.74232666666667        4.74232666666667      -0.319876003056140     
   4.74232666666667        5.03859708333333      -0.293212157938675     
   4.74232666666667        5.33486750000000      -0.267703550435021     
   4.74232666666667        5.63113791666667      -0.245210252820548     
   4.74232666666667        5.92740833333333      -0.225768301269686     
   4.74232666666667        6.22367875000000      -0.209642822404270     
   4.74232666666667        6.51994916666667      -0.196754542474617     
   4.74232666666667        6.81621958333333      -0.186484327095394     
   4.74232666666667        7.11249000000000      -0.177850341598354     
   5.03859708333333       2.000000000000000E-003 -0.363273095048590     
   5.03859708333333       0.298270416666667      -0.392252324473369     
   5.03859708333333       0.594540833333333      -0.421982166182991     
   5.03859708333333       0.890811250000000      -0.449997624060161     
   5.03859708333333        1.18708166666667      -0.474062130692808     
   5.03859708333333        1.48335208333333      -0.492565800331971     
   5.03859708333333        1.77962250000000      -0.504576147975839     
   5.03859708333333        2.07589291666667      -0.508298640517906     
   5.03859708333333        2.37216333333333      -0.500303080526252     
   5.03859708333333        2.66843375000000      -0.482612915553560     
   5.03859708333333        2.96470416666667      -0.459896267734364     
   5.03859708333333        3.26097458333333      -0.435227069025198     
   5.03859708333333        3.55724500000000      -0.407274517119857     
   5.03859708333333        3.85351541666667      -0.375496528200453     
   5.03859708333333        4.14978583333333      -0.344450552325061     
   5.03859708333333        4.44605625000000      -0.317925058296839     
   5.03859708333333        4.74232666666667      -0.295193971604933     
   5.03859708333333        5.03859708333333      -0.274246645032227     
   5.03859708333333        5.33486750000000      -0.254466998609813     
   5.03859708333333        5.63113791666667      -0.236047289800717     
   5.03859708333333        5.92740833333333      -0.219634351668044     
   5.03859708333333        6.22367875000000      -0.205686626348066     
   5.03859708333333        6.51994916666667      -0.194231597602852     
   5.03859708333333        6.81621958333333      -0.184790401963885     
   5.03859708333333        7.11249000000000      -0.176539136706449     
   5.33486750000000       2.000000000000000E-003 -0.345022231144529     
   5.33486750000000       0.298270416666667      -0.367900376802132     
   5.33486750000000       0.594540833333333      -0.390478987715647     
   5.33486750000000       0.890811250000000      -0.411322784302357     
   5.33486750000000        1.18708166666667      -0.428662628775842     
   5.33486750000000        1.48335208333333      -0.441094649842969     
   5.33486750000000        1.77962250000000      -0.447844528524098     
   5.33486750000000        2.07589291666667      -0.448237331051723     
   5.33486750000000        2.37216333333333      -0.441938354089989     
   5.33486750000000        2.66843375000000      -0.429238850032108     
   5.33486750000000        2.96470416666667      -0.411990230132871     
   5.33486750000000        3.26097458333333      -0.391517359941892     
   5.33486750000000        3.55724500000000      -0.368046687731873     
   5.33486750000000        3.85351541666667      -0.342566764206044     
   5.33486750000000        4.14978583333333      -0.317691002287898     
   5.33486750000000        4.44605625000000      -0.295628902458458     
   5.33486750000000        4.74232666666667      -0.276534660509452     
   5.33486750000000        5.03859708333333      -0.259264667513426     
   5.33486750000000        5.33486750000000      -0.242837702644761     
   5.33486750000000        5.63113791666667      -0.227481835940387     
   5.33486750000000        5.92740833333333      -0.213642597203874     
   5.33486750000000        6.22367875000000      -0.201687505479874     
   5.33486750000000        6.51994916666667      -0.191648562318323     
   5.33486750000000        6.81621958333333      -0.183063517857733     
   5.33486750000000        7.11249000000000      -0.175197110650072     
   5.63113791666667       2.000000000000000E-003 -0.328559186339039     
   5.63113791666667       0.298270416666667      -0.345931003681602     
   5.63113791666667       0.594540833333333      -0.362047386240700     
   5.63113791666667       0.890811250000000      -0.376766517652556     
   5.63113791666667        1.18708166666667      -0.388949547514457     
   5.63113791666667        1.48335208333333      -0.397308330597533     
   5.63113791666667        1.77962250000000      -0.401233272035890     
   5.63113791666667        2.07589291666667      -0.400508408515616     
   5.63113791666667        2.37216333333333      -0.395081883730978     
   5.63113791666667        2.66843375000000      -0.385390967807380     
   5.63113791666667        2.96470416666667      -0.372096841395838     
   5.63113791666667        3.26097458333333      -0.355554947319649     
   5.63113791666667        3.55724500000000      -0.336426687770942     
   5.63113791666667        3.85351541666667      -0.315946882160935     
   5.63113791666667        4.14978583333333      -0.295942819800481     
   5.63113791666667        4.44605625000000      -0.277842901211343     
   5.63113791666667        4.74232666666667      -0.261546912066695     
   5.63113791666667        5.03859708333333      -0.246544684361675     
   5.63113791666667        5.33486750000000      -0.232560309005622     
   5.63113791666667        5.63113791666667      -0.219618759851202     
   5.63113791666667        5.92740833333333      -0.207905678133961     
   5.63113791666667        6.22367875000000      -0.197730461833825     
   5.63113791666667        6.51994916666667      -0.189069701516543     
   5.63113791666667        6.81621958333333      -0.181377084191331     
   5.63113791666667        7.11249000000000      -0.173865078394487     
   5.92740833333333       2.000000000000000E-003 -0.314242979128392     
   5.92740833333333       0.298270416666667      -0.326655321539728     
   5.92740833333333       0.594540833333333      -0.336798812975859     
   5.92740833333333       0.890811250000000      -0.346426929733011     
   5.92740833333333        1.18708166666667      -0.354819380997095     
   5.92740833333333        1.48335208333333      -0.360531903240025     
   5.92740833333333        1.77962250000000      -0.362826207560288     
   5.92740833333333        2.07589291666667      -0.361692631599816     
   5.92740833333333        2.37216333333333      -0.357179035992981     
   5.92740833333333        2.66843375000000      -0.349394097850455     
   5.92740833333333        2.96470416666667      -0.338663457547515     
   5.92740833333333        3.26097458333333      -0.325389584996975     
   5.92740833333333        3.55724500000000      -0.310149869121668     
   5.92740833333333        3.85351541666667      -0.293879977463320     
   5.92740833333333        4.14978583333333      -0.277694022031973     
   5.92740833333333        4.44605625000000      -0.262400953178273     
   5.92740833333333        4.74232666666667      -0.248285188349140     
   5.92740833333333        5.03859708333333      -0.235301584974032     
   5.92740833333333        5.33486750000000      -0.223350747921992     
   5.92740833333333        5.63113791666667      -0.212321690156767     
   5.92740833333333        5.92740833333333      -0.202363242007828     
   5.92740833333333        6.22367875000000      -0.193728304492241     
   5.92740833333333        6.51994916666667      -0.186403000140945     
   5.92740833333333        6.81621958333333      -0.179688657325545     
   5.92740833333333        7.11249000000000      -0.172474014333331     
   6.22367875000000       2.000000000000000E-003 -0.301863274941377     
   6.22367875000000       0.298270416666667      -0.309516425629112     
   6.22367875000000       0.594540833333333      -0.314195058595864     
   6.22367875000000       0.890811250000000      -0.320226314264612     
   6.22367875000000        1.18708166666667      -0.326062429709305     
   6.22367875000000        1.48335208333333      -0.329873126465407     
   6.22367875000000        1.77962250000000      -0.331032217390973     
   6.22367875000000        2.07589291666667      -0.329619108749342     
   6.22367875000000        2.37216333333333      -0.325777781835781     
   6.22367875000000        2.66843375000000      -0.319475194414023     
   6.22367875000000        2.96470416666667      -0.310835362739940     
   6.22367875000000        3.26097458333333      -0.300151893123656     
   6.22367875000000        3.55724500000000      -0.287896418177818     
   6.22367875000000        3.85351541666667      -0.274727525899171     
   6.22367875000000        4.14978583333333      -0.261379269539361     
   6.22367875000000        4.44605625000000      -0.248462454367095     
   6.22367875000000        4.74232666666667      -0.236341590175883     
   6.22367875000000        5.03859708333333      -0.225165251525013     
   6.22367875000000        5.33486750000000      -0.214911329564733     
   6.22367875000000        5.63113791666667      -0.205459014527948     
   6.22367875000000        5.92740833333333      -0.196919131376773     
   6.22367875000000        6.22367875000000      -0.189492087176051     
   6.22367875000000        6.51994916666667      -0.183315887855714     
   6.22367875000000        6.81621958333333      -0.177740308794091     
   6.22367875000000        7.11249000000000      -0.170800937087031     
   6.51994916666667       2.000000000000000E-003 -0.289603592189608     
   6.51994916666667       0.298270416666667      -0.292437234578426     
   6.51994916666667       0.594540833333333      -0.293969743696524     
   6.51994916666667       0.890811250000000      -0.298602543863715     
   6.51994916666667        1.18708166666667      -0.302562583498891     
   6.51994916666667        1.48335208333333      -0.304561979099995     
   6.51994916666667        1.77962250000000      -0.304568182017611     
   6.51994916666667        2.07589291666667      -0.302765171238869     
   6.51994916666667        2.37216333333333      -0.299287092032688     
   6.51994916666667        2.66843375000000      -0.294069615454926     
   6.51994916666667        2.96470416666667      -0.287083836130904     
   6.51994916666667        3.26097458333333      -0.278482875860616     
   6.51994916666667        3.55724500000000      -0.268579154460384     
   6.51994916666667        3.85351541666667      -0.257823400513773     
   6.51994916666667        4.14978583333333      -0.246739666212593     
   6.51994916666667        4.44605625000000      -0.235820924910221     
   6.51994916666667        4.74232666666667      -0.225442595216824     
   6.51994916666667        5.03859708333333      -0.215839060142112     
   6.51994916666667        5.33486750000000      -0.207021202193483     
   6.51994916666667        5.63113791666667      -0.198939981566262     
   6.51994916666667        5.92740833333333      -0.191601127094647     
   6.51994916666667        6.22367875000000      -0.185017204402378     
   6.51994916666667        6.51994916666667      -0.179379346711346     
   6.51994916666667        6.81621958333333      -0.174836443577528     
   6.51994916666667        7.11249000000000      -0.168451796223977     
   6.81621958333333       2.000000000000000E-003 -0.272626290189139     
   6.81621958333333       0.298270416666667      -0.274072331869316     
   6.81621958333333       0.594540833333333      -0.278672793963494     
   6.81621958333333       0.890811250000000      -0.282163905121454     
   6.81621958333333        1.18708166666667      -0.283526523763978     
   6.81621958333333        1.48335208333333      -0.283417469472467     
   6.81621958333333        1.77962250000000      -0.282166811199073     
   6.81621958333333        2.07589291666667      -0.279872931362985     
   6.81621958333333        2.37216333333333      -0.276555314007478     
   6.81621958333333        2.66843375000000      -0.272113783625040     
   6.81621958333333        2.96470416666667      -0.266411138993280     
   6.81621958333333        3.26097458333333      -0.259469856705120     
   6.81621958333333        3.55724500000000      -0.251451030932241     
   6.81621958333333        3.85351541666667      -0.242639186044136     
   6.81621958333333        4.14978583333333      -0.233414160157899     
   6.81621958333333        4.44605625000000      -0.224182972694900     
   6.81621958333333        4.74232666666667      -0.215304346804591     
   6.81621958333333        5.03859708333333      -0.207040861838167     
   6.81621958333333        5.33486750000000      -0.199486169777902     
   6.81621958333333        5.63113791666667      -0.192664036870798     
   6.81621958333333        5.92740833333333      -0.186534016068286     
   6.81621958333333        6.22367875000000      -0.180882958811276     
   6.81621958333333        6.51994916666667      -0.175314272883304     
   6.81621958333333        6.81621958333333      -0.170113773427118     
   6.81621958333333        7.11249000000000      -0.164775170842302     
   7.11249000000000       2.000000000000000E-003 -0.252430330745461     
   7.11249000000000       0.298270416666667      -0.262542517803320     
   7.11249000000000       0.594540833333333      -0.266910063204526     
   7.11249000000000       0.890811250000000      -0.267273830599455     
   7.11249000000000        1.18708166666667      -0.266240454713317     
   7.11249000000000        1.48335208333333      -0.264598811065290     
   7.11249000000000        1.77962250000000      -0.262494993258375     
   7.11249000000000        2.07589291666667      -0.259899451246633     
   7.11249000000000        2.37216333333333      -0.256720858431152     
   7.11249000000000        2.66843375000000      -0.252880176270316     
   7.11249000000000        2.96470416666667      -0.248178824380816     
   7.11249000000000        3.26097458333333      -0.242546978326054     
   7.11249000000000        3.55724500000000      -0.236030109835546     
   7.11249000000000        3.85351541666667      -0.228788360018090     
   7.11249000000000        4.14978583333333      -0.221095116450988     
   7.11249000000000        4.44605625000000      -0.213286000485121     
   7.11249000000000        4.74232666666667      -0.205687183309184     
   7.11249000000000        5.03859708333333      -0.198561335995626     
   7.11249000000000        5.33486750000000      -0.192091037170494     
   7.11249000000000        5.63113791666667      -0.186369573158069     
   7.11249000000000        5.92740833333333      -0.181410921553900     
   7.11249000000000        6.22367875000000      -0.177060830482462     
   7.11249000000000        6.51994916666667      -0.172686330985843     
   7.11249000000000        6.81621958333333      -0.166692914402330     
   7.11249000000000        7.11249000000000      -0.159396699478169     
