  2.000000000000000E-003  2.000000000000000E-003 -0.208315635460746     
  2.000000000000000E-003  0.298270416666667      -0.218128268751459     
  2.000000000000000E-003  0.594540833333333      -0.225686701733010     
  2.000000000000000E-003  0.890811250000000      -0.231926880242283     
  2.000000000000000E-003   1.18708166666667      -0.238259056612266     
  2.000000000000000E-003   1.48335208333333      -0.245122199985712     
  2.000000000000000E-003   1.77962250000000      -0.252541158973256     
  2.000000000000000E-003   2.07589291666667      -0.260245954502917     
  2.000000000000000E-003   2.37216333333333      -0.267752402828359     
  2.000000000000000E-003   2.66843375000000      -0.274443255907719     
  2.000000000000000E-003   2.96470416666667      -0.279846356387453     
  2.000000000000000E-003   3.26097458333333      -0.283404190729311     
  2.000000000000000E-003   3.55724500000000      -0.284648241600282     
  2.000000000000000E-003   3.85351541666667      -0.283396967717366     
  2.000000000000000E-003   4.14978583333333      -0.279831298090444     
  2.000000000000000E-003   4.44605625000000      -0.274418504533672     
  2.000000000000000E-003   4.74232666666667      -0.267713204869067     
  2.000000000000000E-003   5.03859708333333      -0.260181821272454     
  2.000000000000000E-003   5.33486750000000      -0.252440819037465     
  2.000000000000000E-003   5.63113791666667      -0.244969639750239     
  2.000000000000000E-003   5.92740833333333      -0.238033680050435     
  2.000000000000000E-003   6.22367875000000      -0.231612267702676     
  2.000000000000000E-003   6.51994916666667      -0.225315040229964     
  2.000000000000000E-003   6.81621958333333      -0.217857255376407     
  2.000000000000000E-003   7.11249000000000      -0.208182445116706     
  0.298270416666667       2.000000000000000E-003 -0.218128285384088     
  0.298270416666667       0.298270416666667      -0.227860848674778     
  0.298270416666667       0.594540833333333      -0.236053141781809     
  0.298270416666667       0.890811250000000      -0.243536047471389     
  0.298270416666667        1.18708166666667      -0.251489746909757     
  0.298270416666667        1.48335208333333      -0.260331808906420     
  0.298270416666667        1.77962250000000      -0.269986424508130     
  0.298270416666667        2.07589291666667      -0.280074371501323     
  0.298270416666667        2.37216333333333      -0.289889808414075     
  0.298270416666667        2.66843375000000      -0.298659730793548     
  0.298270416666667        2.96470416666667      -0.305763890909446     
  0.298270416666667        3.26097458333333      -0.310451327107208     
  0.298270416666667        3.55724500000000      -0.312094431975863     
  0.298270416666667        3.85351541666667      -0.310449800465346     
  0.298270416666667        4.14978583333333      -0.305760084482708     
  0.298270416666667        4.44605625000000      -0.298651890861538     
  0.298270416666667        4.74232666666667      -0.289874393241815     
  0.298270416666667        5.03859708333333      -0.280045311322093     
  0.298270416666667        5.33486750000000      -0.269938627155378     
  0.298270416666667        5.63113791666667      -0.260261603313848     
  0.298270416666667        5.92740833333333      -0.251400279723677     
  0.298270416666667        6.22367875000000      -0.243458402075864     
  0.298270416666667        6.51994916666667      -0.236074298982235     
  0.298270416666667        6.81621958333333      -0.227948617505574     
  0.298270416666667        7.11249000000000      -0.217857519574632     
  0.594540833333333       2.000000000000000E-003 -0.225686741965639     
  0.594540833333333       0.298270416666667      -0.236053118805174     
  0.594540833333333       0.594540833333333      -0.245302272399943     
  0.594540833333333       0.890811250000000      -0.254811179392518     
  0.594540833333333        1.18708166666667      -0.265315174539177     
  0.594540833333333        1.48335208333333      -0.277090282777727     
  0.594540833333333        1.77962250000000      -0.289962578787041     
  0.594540833333333        2.07589291666667      -0.303424629744217     
  0.594540833333333        2.37216333333333      -0.316563703803198     
  0.594540833333333        2.66843375000000      -0.328392898887796     
  0.594540833333333        2.96470416666667      -0.338036165679309     
  0.594540833333333        3.26097458333333      -0.344417826689427     
  0.594540833333333        3.55724500000000      -0.346659139539636     
  0.594540833333333        3.85351541666667      -0.344420148649077     
  0.594540833333333        4.14978583333333      -0.338040668587458     
  0.594540833333333        4.44605625000000      -0.328399328428161     
  0.594540833333333        4.74232666666667      -0.316571936469911     
  0.594540833333333        5.03859708333333      -0.303436592242804     
  0.594540833333333        5.33486750000000      -0.289984476926770     
  0.594540833333333        5.63113791666667      -0.277134994442613     
  0.594540833333333        5.92740833333333      -0.265409288883643     
  0.594540833333333        6.22367875000000      -0.254994310727557     
  0.594540833333333        6.51994916666667      -0.245554977897383     
  0.594540833333333        6.81621958333333      -0.236074531054284     
  0.594540833333333        7.11249000000000      -0.225315514475124     
  0.890811250000000       2.000000000000000E-003 -0.231926978679900     
  0.890811250000000       0.298270416666667      -0.243536106117448     
  0.890811250000000       0.594540833333333      -0.254811221752971     
  0.890811250000000       0.890811250000000      -0.266961686129049     
  0.890811250000000        1.18708166666667      -0.280742667139957     
  0.890811250000000        1.48335208333333      -0.296359798301457     
  0.890811250000000        1.77962250000000      -0.313603249191242     
  0.890811250000000        2.07589291666667      -0.331791489743854     
  0.890811250000000        2.37216333333333      -0.349637300307210     
  0.890811250000000        2.66843375000000      -0.366016331088060     
  0.890811250000000        2.96470416666667      -0.379507397246540     
  0.890811250000000        3.26097458333333      -0.388482426277033     
  0.890811250000000        3.55724500000000      -0.391641184884617     
  0.890811250000000        3.85351541666667      -0.388484398190982     
  0.890811250000000        4.14978583333333      -0.379512653716811     
  0.890811250000000        4.44605625000000      -0.366027393477035     
  0.890811250000000        4.74232666666667      -0.349658048126078     
  0.890811250000000        5.03859708333333      -0.331829867411462     
  0.890811250000000        5.33486750000000      -0.313673942010408     
  0.890811250000000        5.63113791666667      -0.296478641128685     
  0.890811250000000        5.92740833333333      -0.280924312779789     
  0.890811250000000        6.22367875000000      -0.267195905584537     
  0.890811250000000        6.51994916666667      -0.254994493947352     
  0.890811250000000        6.81621958333333      -0.243458725761544     
  0.890811250000000        7.11249000000000      -0.231612676222332     
   1.18708166666667       2.000000000000000E-003 -0.238259224868676     
   1.18708166666667       0.298270416666667      -0.251489896695921     
   1.18708166666667       0.594540833333333      -0.265315294619525     
   1.18708166666667       0.890811250000000      -0.280742736814693     
   1.18708166666667        1.18708166666667      -0.298563363318047     
   1.18708166666667        1.48335208333333      -0.319076684852040     
   1.18708166666667        1.77962250000000      -0.342078061920650     
   1.18708166666667        2.07589291666667      -0.366644130059167     
   1.18708166666667        2.37216333333333      -0.391286251988057     
   1.18708166666667        2.66843375000000      -0.414438749244372     
   1.18708166666667        2.96470416666667      -0.433801448762157     
   1.18708166666667        3.26097458333333      -0.446811996871938     
   1.18708166666667        3.55724500000000      -0.451412243147022     
   1.18708166666667        3.85351541666667      -0.446807399001643     
   1.18708166666667        4.14978583333333      -0.433796135656574     
   1.18708166666667        4.44605625000000      -0.414439387648967     
   1.18708166666667        4.74232666666667      -0.391301053159348     
   1.18708166666667        5.03859708333333      -0.366683533294164     
   1.18708166666667        5.33486750000000      -0.342158203080576     
   1.18708166666667        5.63113791666667      -0.319208019759733     
   1.18708166666667        5.92740833333333      -0.298739858976395     
   1.18708166666667        6.22367875000000      -0.280924496862225     
   1.18708166666667        6.51994916666667      -0.265409564026761     
   1.18708166666667        6.81621958333333      -0.251400649035142     
   1.18708166666667        7.11249000000000      -0.238034038501779     
   1.48335208333333       2.000000000000000E-003 -0.245122408420768     
   1.48335208333333       0.298270416666667      -0.260332008717915     
   1.48335208333333       0.594540833333333      -0.277090459479513     
   1.48335208333333       0.890811250000000      -0.296359935138982     
   1.48335208333333        1.18708166666667      -0.319076763563665     
   1.48335208333333        1.48335208333333      -0.345752475879063     
   1.48335208333333        1.77962250000000      -0.376194769921448     
   1.48335208333333        2.07589291666667      -0.409318374611013     
   1.48335208333333        2.37216333333333      -0.443723084820856     
   1.48335208333333        2.66843375000000      -0.476950645988572     
   1.48335208333333        2.96470416666667      -0.505404641330443     
   1.48335208333333        3.26097458333333      -0.524951966127585     
   1.48335208333333        3.55724500000000      -0.531929845398144     
   1.48335208333333        3.85351541666667      -0.524932577196863     
   1.48335208333333        4.14978583333333      -0.505374517022726     
   1.48335208333333        4.44605625000000      -0.476923061629782     
   1.48335208333333        4.74232666666667      -0.443711848248687     
   1.48335208333333        5.03859708333333      -0.409335362262741     
   1.48335208333333        5.33486750000000      -0.376250593274667     
   1.48335208333333        5.63113791666667      -0.345854011186924     
   1.48335208333333        5.92740833333333      -0.319208175098257     
   1.48335208333333        6.22367875000000      -0.296478912903307     
   1.48335208333333        6.51994916666667      -0.277135306267562     
   1.48335208333333        6.81621958333333      -0.260261992927505     
   1.48335208333333        7.11249000000000      -0.244970002364157     
   1.77962250000000       2.000000000000000E-003 -0.252541369048543     
   1.77962250000000       0.298270416666667      -0.269986634113225     
   1.77962250000000       0.594540833333333      -0.289962786306307     
   1.77962250000000       0.890811250000000      -0.313603447730874     
   1.77962250000000        1.18708166666667      -0.342078234404586     
   1.77962250000000        1.48335208333333      -0.376194884173424     
   1.77962250000000        1.77962250000000      -0.415903232650721     
   1.77962250000000        2.07589291666667      -0.460701345539227     
   1.77962250000000        2.37216333333333      -0.508936679011844     
   1.77962250000000        2.66843375000000      -0.557378708897019     
   1.77962250000000        2.96470416666667      -0.600586654824227     
   1.77962250000000        3.26097458333333      -0.631275154164819     
   1.77962250000000        3.55724500000000      -0.642469403708898     
   1.77962250000000        3.85351541666667      -0.631230260584252     
   1.77962250000000        4.14978583333333      -0.600514228963532     
   1.77962250000000        4.44605625000000      -0.557303835262934     
   1.77962250000000        4.74232666666667      -0.508881453307210     
   1.77962250000000        5.03859708333333      -0.460679778749335     
   1.77962250000000        5.33486750000000      -0.415921372657977     
   1.77962250000000        5.63113791666667      -0.376250763060277     
   1.77962250000000        5.92740833333333      -0.342158464014609     
   1.77962250000000        6.22367875000000      -0.313674258187787     
   1.77962250000000        6.51994916666667      -0.289984787718090     
   1.77962250000000        6.81621958333333      -0.269938975812453     
   1.77962250000000        7.11249000000000      -0.252441102691525     
   2.07589291666667       2.000000000000000E-003 -0.260246157656252     
   2.07589291666667       0.298270416666667      -0.280074586981140     
   2.07589291666667       0.594540833333333      -0.303424875640293     
   2.07589291666667       0.890811250000000      -0.331791774326078     
   2.07589291666667        1.18708166666667      -0.366644437636386     
   2.07589291666667        1.48335208333333      -0.409318661235326     
   2.07589291666667        1.77962250000000      -0.460701539412677     
   2.07589291666667        2.07589291666667      -0.520869343998798     
   2.07589291666667        2.37216333333333      -0.588603417188174     
   2.07589291666667        2.66843375000000      -0.660225554695850     
   2.07589291666667        2.96470416666667      -0.727793807507545     
   2.07589291666667        3.26097458333333      -0.778320091740073     
   2.07589291666667        3.55724500000000      -0.797342736941116     
   2.07589291666667        3.85351541666667      -0.778235543776412     
   2.07589291666667        4.14978583333333      -0.727658622018866     
   2.07589291666667        4.44605625000000      -0.660084556026103     
   2.07589291666667        4.74232666666667      -0.588490707026871     
   2.07589291666667        5.03859708333333      -0.520801271786636     
   2.07589291666667        5.33486750000000      -0.460680087356435     
   2.07589291666667        5.63113791666667      -0.409335832726048     
   2.07589291666667        5.92740833333333      -0.366683945411247     
   2.07589291666667        6.22367875000000      -0.331830292498170     
   2.07589291666667        6.51994916666667      -0.303436963969144     
   2.07589291666667        6.81621958333333      -0.280045614970960     
   2.07589291666667        7.11249000000000      -0.260182094607504     
   2.37216333333333       2.000000000000000E-003 -0.267752627525048     
   2.37216333333333       0.298270416666667      -0.289890065981280     
   2.37216333333333       0.594540833333333      -0.316564030993506     
   2.37216333333333       0.890811250000000      -0.349637717549760     
   2.37216333333333        1.18708166666667      -0.391286746267518     
   2.37216333333333        1.48335208333333      -0.443723608600700     
   2.37216333333333        1.77962250000000      -0.508937156353116     
   2.37216333333333        2.07589291666667      -0.588603705501246     
   2.37216333333333        2.37216333333333      -0.683170956006354     
   2.37216333333333        2.66843375000000      -0.789744074196617     
   2.37216333333333        2.96470416666667      -0.897800311612580     
   2.37216333333333        3.26097458333333      -0.984377147153375     
   2.37216333333333        3.55724500000000       -1.01844756861007     
   2.37216333333333        3.85351541666667      -0.984234264559471     
   2.37216333333333        4.14978583333333      -0.897580755581824     
   2.37216333333333        4.44605625000000      -0.789523998399975     
   2.37216333333333        4.74232666666667      -0.682996956559197     
   2.37216333333333        5.03859708333333      -0.588491275820811     
   2.37216333333333        5.33486750000000      -0.508882301164211     
   2.37216333333333        5.63113791666667      -0.443712678672428     
   2.37216333333333        5.92740833333333      -0.391301793103660     
   2.37216333333333        6.22367875000000      -0.349658639847504     
   2.37216333333333        6.51994916666667      -0.316572349004466     
   2.37216333333333        6.81621958333333      -0.289874691264047     
   2.37216333333333        7.11249000000000      -0.267713468223356     
   2.66843375000000       2.000000000000000E-003 -0.274443526866861     
   2.66843375000000       0.298270416666667      -0.298660058626393     
   2.66843375000000       0.594540833333333      -0.328393336289088     
   2.66843375000000       0.890811250000000      -0.366016909616448     
   2.66843375000000        1.18708166666667      -0.414439460276025     
   2.66843375000000        1.48335208333333      -0.476951448575391     
   2.66843375000000        1.77962250000000      -0.557379495841013     
   2.66843375000000        2.07589291666667      -0.660226165297437     
   2.66843375000000        2.37216333333333      -0.789744411872472     
   2.66843375000000        2.66843375000000      -0.946438170545236     
   2.66843375000000        2.96470416666667       -1.11793865943103     
   2.66843375000000        3.26097458333333       -1.26589268048333     
   2.66843375000000        3.55724500000000       -1.32751957672160     
   2.66843375000000        3.85351541666667       -1.26566738407304     
   2.66843375000000        4.14978583333333       -1.11762012253469     
   2.66843375000000        4.44605625000000      -0.946144648716902     
   2.66843375000000        4.74232666666667      -0.789525019767230     
   2.66843375000000        5.03859708333333      -0.660086068343106     
   2.66843375000000        5.33486750000000      -0.557305382983647     
   2.66843375000000        5.63113791666667      -0.476924462977495     
   2.66843375000000        5.92740833333333      -0.414440488278001     
   2.66843375000000        6.22367875000000      -0.366028260858215     
   2.66843375000000        6.51994916666667      -0.328399890067985     
   2.66843375000000        6.81621958333333      -0.298652325900627     
   2.66843375000000        7.11249000000000      -0.274418808216887     
   2.96470416666667       2.000000000000000E-003 -0.279846673208665     
   2.96470416666667       0.298270416666667      -0.305764287307544     
   2.96470416666667       0.594540833333333      -0.338036706577308     
   2.96470416666667       0.890811250000000      -0.379508123065870     
   2.96470416666667        1.18708166666667      -0.433802356608077     
   2.96470416666667        1.48335208333333      -0.505405703475058     
   2.96470416666667        1.77962250000000      -0.600587705120712     
   2.96470416666667        2.07589291666667      -0.727794708540767     
   2.96470416666667        2.37216333333333      -0.897800971302300     
   2.96470416666667        2.66843375000000       -1.11793898110064     
   2.96470416666667        2.96470416666667       -1.37204023757742     
   2.96470416666667        3.26097458333333       -1.59661652070281     
   2.96470416666667        3.55724500000000       -1.69205630790248     
   2.96470416666667        3.85351541666667       -1.59629365104017     
   2.96470416666667        4.14978583333333       -1.37164811389588     
   2.96470416666667        4.44605625000000       -1.11762212847947     
   2.96470416666667        4.74232666666667      -0.897583449813215     
   2.96470416666667        5.03859708333333      -0.727661339904740     
   2.96470416666667        5.33486750000000      -0.600516646469027     
   2.96470416666667        5.63113791666667      -0.505376539723191     
   2.96470416666667        5.92740833333333      -0.433797633671119     
   2.96470416666667        6.22367875000000      -0.379513743758172     
   2.96470416666667        6.51994916666667      -0.338041375166158     
   2.96470416666667        6.81621958333333      -0.305760588805404     
   2.96470416666667        7.11249000000000      -0.279831684038285     
   3.26097458333333       2.000000000000000E-003 -0.283404521036224     
   3.26097458333333       0.298270416666667      -0.310451752081506     
   3.26097458333333       0.594540833333333      -0.344418418884750     
   3.26097458333333       0.890811250000000      -0.388483232464746     
   3.26097458333333        1.18708166666667      -0.446813019155985     
   3.26097458333333        1.48335208333333      -0.524953168725603     
   3.26097458333333        1.77962250000000      -0.631276358652050     
   3.26097458333333        2.07589291666667      -0.778321179241153     
   3.26097458333333        2.37216333333333      -0.984378026147485     
   3.26097458333333        2.66843375000000       -1.26589319826734     
   3.26097458333333        2.96470416666667       -1.59661660658993     
   3.26097458333333        3.26097458333333       -1.85268319534750     
   3.26097458333333        3.55724500000000       -1.95021712188502     
   3.26097458333333        3.85351541666667       -1.85234988973030     
   3.26097458333333        4.14978583333333       -1.59629672532170     
   3.26097458333333        4.44605625000000       -1.26567264301906     
   3.26097458333333        4.74232666666667      -0.984239262411532     
   3.26097458333333        5.03859708333333      -0.778239580377912     
   3.26097458333333        5.33486750000000      -0.631233474684498     
   3.26097458333333        5.63113791666667      -0.524935118654539     
   3.26097458333333        5.92740833333333      -0.446809242576275     
   3.26097458333333        6.22367875000000      -0.388485691404802     
   3.26097458333333        6.51994916666667      -0.344420919733301     
   3.26097458333333        6.81621958333333      -0.310450304477845     
   3.26097458333333        7.11249000000000      -0.283397393812390     
   3.55724500000000       2.000000000000000E-003 -0.284648528898273     
   3.55724500000000       0.298270416666667      -0.312094816475289     
   3.55724500000000       0.594540833333333      -0.346659697039059     
   3.55724500000000       0.890811250000000      -0.391641965919332     
   3.55724500000000        1.18708166666667      -0.451413252032643     
   3.55724500000000        1.48335208333333      -0.531931040634324     
   3.55724500000000        1.77962250000000      -0.642470606840242     
   3.55724500000000        2.07589291666667      -0.797343852451860     
   3.55724500000000        2.37216333333333       -1.01844851914320     
   3.55724500000000        2.66843375000000       -1.32752021313077     
   3.55724500000000        2.96470416666667       -1.69205650229001     
   3.55724500000000        3.26097458333333       -1.95021718296781     
   3.55724500000000        3.55724500000000       -2.09093263478080     
   3.55724500000000        3.85351541666667       -1.95022056109683     
   3.55724500000000        4.14978583333333       -1.69206398475790     
   3.55724500000000        4.44605625000000       -1.32752831073209     
   3.55724500000000        4.74232666666667       -1.01845464228368     
   3.55724500000000        5.03859708333333      -0.797347998794403     
   3.55724500000000        5.33486750000000      -0.642473186077597     
   3.55724500000000        5.63113791666667      -0.531932656613455     
   3.55724500000000        5.92740833333333      -0.451414240809315     
   3.55724500000000        6.22367875000000      -0.391642480637391     
   3.55724500000000        6.51994916666667      -0.346659900169002     
   3.55724500000000        6.81621958333333      -0.312095038422751     
   3.55724500000000        7.11249000000000      -0.284648639119858     
   3.85351541666667       2.000000000000000E-003 -0.283397155026376     
   3.85351541666667       0.298270416666667      -0.310450074053240     
   3.85351541666667       0.594540833333333      -0.344420583407579     
   3.85351541666667       0.890811250000000      -0.388485046097056     
   3.85351541666667        1.18708166666667      -0.446808264925268     
   3.85351541666667        1.48335208333333      -0.524933616207154     
   3.85351541666667        1.77962250000000      -0.631231318965710     
   3.85351541666667        2.07589291666667      -0.778236533416091     
   3.85351541666667        2.37216333333333      -0.984235141773137     
   3.85351541666667        2.66843375000000       -1.26566808621010     
   3.85351541666667        2.96470416666667       -1.59629412139568     
   3.85351541666667        3.26097458333333       -1.85234997621830     
   3.85351541666667        3.55724500000000       -1.95022018554343     
   3.85351541666667        3.85351541666667       -1.85268980747703     
   3.85351541666667        4.14978583333333       -1.59662853061918     
   3.85351541666667        4.44605625000000       -1.26590396275599     
   3.85351541666667        4.74232666666667      -0.984385362492937     
   3.85351541666667        5.03859708333333      -0.778325675062693     
   3.85351541666667        5.33486750000000      -0.631279149870690     
   3.85351541666667        5.63113791666667      -0.524954902337951     
   3.85351541666667        5.92740833333333      -0.446814022290941     
   3.85351541666667        6.22367875000000      -0.388483749242145     
   3.85351541666667        6.51994916666667      -0.344418545326852     
   3.85351541666667        6.81621958333333      -0.310451745599888     
   3.85351541666667        7.11249000000000      -0.283404494693102     
   4.14978583333333       2.000000000000000E-003 -0.279831356871636     
   4.14978583333333       0.298270416666667      -0.305760208866629     
   4.14978583333333       0.594540833333333      -0.338040928061223     
   4.14978583333333       0.890811250000000      -0.379513099671449     
   4.14978583333333        1.18708166666667      -0.433796775139412     
   4.14978583333333        1.48335208333333      -0.505375309619152     
   4.14978583333333        1.77962250000000      -0.600515047687571     
   4.14978583333333        2.07589291666667      -0.727659388887310     
   4.14978583333333        2.37216333333333      -0.897581446779094     
   4.14978583333333        2.66843375000000       -1.11762072161847     
   4.14978583333333        2.96470416666667       -1.37164856263807     
   4.14978583333333        3.26097458333333       -1.59629676189330     
   4.14978583333333        3.55724500000000       -1.69206340965768     
   4.14978583333333        3.85351541666667       -1.59662807093916     
   4.14978583333333        4.14978583333333       -1.37205254587699     
   4.14978583333333        4.44605625000000       -1.11794907316703     
   4.14978583333333        4.74232666666667      -0.897807746484822     
   4.14978583333333        5.03859708333333      -0.727799080170310     
   4.14978583333333        5.33486750000000      -0.600590402027476     
   4.14978583333333        5.63113791666667      -0.505407351158137     
   4.14978583333333        5.92740833333333      -0.433803252270301     
   4.14978583333333        6.22367875000000      -0.379508492174042     
   4.14978583333333        6.51994916666667      -0.338036783093284     
   4.14978583333333        6.81621958333333      -0.305764191923160     
   4.14978583333333        7.11249000000000      -0.279846525286544     
   4.44605625000000       2.000000000000000E-003 -0.274418448761316     
   4.44605625000000       0.298270416666667      -0.298651878528603     
   4.44605625000000       0.594540833333333      -0.328399418318965     
   4.44605625000000       0.890811250000000      -0.366027632973798     
   4.44605625000000        1.18708166666667      -0.414439788264204     
   4.44605625000000        1.48335208333333      -0.476923587992200     
   4.44605625000000        1.77962250000000      -0.557304399177717     
   4.44605625000000        2.07589291666667      -0.660085087633165     
   4.44605625000000        2.37216333333333      -0.789524482572230     
   4.44605625000000        2.66843375000000      -0.946145076548541     
   4.44605625000000        2.96470416666667       -1.11762244324658     
   4.44605625000000        3.26097458333333       -1.26567269724006     
   4.44605625000000        3.55724500000000       -1.32752806251797     
   4.44605625000000        3.85351541666667       -1.26590372563844     
   4.44605625000000        4.14978583333333       -1.11794904446971     
   4.44605625000000        4.44605625000000      -0.946446248155011     
   4.44605625000000        4.74232666666667      -0.789750116702560     
   4.44605625000000        5.03859708333333      -0.660230020053920     
   4.44605625000000        5.33486750000000      -0.557381900348972     
   4.44605625000000        5.63113791666667      -0.476952964105541     
   4.44605625000000        5.92740833333333      -0.414440166732129     
   4.44605625000000        6.22367875000000      -0.366017188405546     
   4.44605625000000        6.51994916666667      -0.328393296889315     
   4.44605625000000        6.81621958333333      -0.298659895788643     
   4.44605625000000        7.11249000000000      -0.274443303867193     
   4.74232666666667       2.000000000000000E-003 -0.267713082316279     
   4.74232666666667       0.298270416666667      -0.289874301595837     
   4.74232666666667       0.594540833333333      -0.316571916889497     
   4.74232666666667       0.890811250000000      -0.349658137058502     
   4.74232666666667        1.18708166666667      -0.391301265510733     
   4.74232666666667        1.48335208333333      -0.443712164346627     
   4.74232666666667        1.77962250000000      -0.508881812298591     
   4.74232666666667        2.07589291666667      -0.588491054779180     
   4.74232666666667        2.37216333333333      -0.682997289132258     
   4.74232666666667        2.66843375000000      -0.789525343986169     
   4.74232666666667        2.96470416666667      -0.897583749041259     
   4.74232666666667        3.26097458333333      -0.984239492632356     
   4.74232666666667        3.55724500000000       -1.01845480372047     
   4.74232666666667        3.85351541666667      -0.984385540640253     
   4.74232666666667        4.14978583333333      -0.897807970963640     
   4.74232666666667        4.44605625000000      -0.789750284144468     
   4.74232666666667        4.74232666666667      -0.683175536886590     
   4.74232666666667        5.03859708333333      -0.588606820763903     
   4.74232666666667        5.33486750000000      -0.508939186515801     
   4.74232666666667        5.63113791666667      -0.443724861315792     
   4.74232666666667        5.92740833333333      -0.391287332732564     
   4.74232666666667        6.22367875000000      -0.349637907396984     
   4.74232666666667        6.51994916666667      -0.316563882830506     
   4.74232666666667        6.81621958333333      -0.289889746973189     
   4.74232666666667        7.11249000000000      -0.267752289187921     
   5.03859708333333       2.000000000000000E-003 -0.260181693696053     
   5.03859708333333       0.298270416666667      -0.280045221085920     
   5.03859708333333       0.594540833333333      -0.303436552817089     
   5.03859708333333       0.890811250000000      -0.331829894284101     
   5.03859708333333        1.18708166666667      -0.366683639480277     
   5.03859708333333        1.48335208333333      -0.409335547597564     
   5.03859708333333        1.77962250000000      -0.460680015990205     
   5.03859708333333        2.07589291666667      -0.520801513505835     
   5.03859708333333        2.37216333333333      -0.588491523979169     
   5.03859708333333        2.66843375000000      -0.660086349247154     
   5.03859708333333        2.96470416666667      -0.727661672343355     
   5.03859708333333        3.26097458333333      -0.778239965673452     
   5.03859708333333        3.55724500000000      -0.797348432582598     
   5.03859708333333        3.85351541666667      -0.778326147066329     
   5.03859708333333        4.14978583333333      -0.727799539735662     
   5.03859708333333        4.44605625000000      -0.660230378756919     
   5.03859708333333        4.74232666666667      -0.588607005617653     
   5.03859708333333        5.03859708333333      -0.520871936854685     
   5.03859708333333        5.33486750000000      -0.460703241625146     
   5.03859708333333        5.63113791666667      -0.409319670135323     
   5.03859708333333        5.92740833333333      -0.366644874865909     
   5.03859708333333        6.22367875000000      -0.331791911366686     
   5.03859708333333        6.51994916666667      -0.303424769571358     
   5.03859708333333        6.81621958333333      -0.280074285445040     
   5.03859708333333        7.11249000000000      -0.260245811478925     
   5.33486750000000       2.000000000000000E-003 -0.252440778693124     
   5.33486750000000       0.298270416666667      -0.269938626001976     
   5.33486750000000       0.594540833333333      -0.289984491457632     
   5.33486750000000       0.890811250000000      -0.313673974258816     
   5.33486750000000        1.18708166666667      -0.342158275829427     
   5.33486750000000        1.48335208333333      -0.376250716264940     
   5.33486750000000        1.77962250000000      -0.415921550227048     
   5.33486750000000        2.07589291666667      -0.460680300820745     
   5.33486750000000        2.37216333333333      -0.508882526252291     
   5.33486750000000        2.66843375000000      -0.557305644723808     
   5.33486750000000        2.96470416666667      -0.600516978973293     
   5.33486750000000        3.26097458333333      -0.631233898541950     
   5.33486750000000        3.55724500000000      -0.642473697395384     
   5.33486750000000        3.85351541666667      -0.631279717171063     
   5.33486750000000        4.14978583333333      -0.600590957572213     
   5.33486750000000        4.44605625000000      -0.557382366491111     
   5.33486750000000        4.74232666666667      -0.508939506727907     
   5.33486750000000        5.03859708333333      -0.460703400937528     
   5.33486750000000        5.33486750000000      -0.415904640601208     
   5.33486750000000        5.63113791666667      -0.376195697464635     
   5.33486750000000        5.92740833333333      -0.342078573264570     
   5.33486750000000        6.22367875000000      -0.313603505527508     
   5.33486750000000        6.51994916666667      -0.289962539716050     
   5.33486750000000        6.81621958333333      -0.269986292031843     
   5.33486750000000        7.11249000000000      -0.252540987310132     
   5.63113791666667       2.000000000000000E-003 -0.244969726898876     
   5.63113791666667       0.298270416666667      -0.260261727023585     
   5.63113791666667       0.594540833333333      -0.277135084659179     
   5.63113791666667       0.890811250000000      -0.296478679077000     
   5.63113791666667        1.18708166666667      -0.319208051249513     
   5.63113791666667        1.48335208333333      -0.345854097198675     
   5.63113791666667        1.77962250000000      -0.376250913808799     
   5.63113791666667        2.07589291666667      -0.409336044678581     
   5.63113791666667        2.37216333333333      -0.443712934133122     
   5.63113791666667        2.66843375000000      -0.476924747686305     
   5.63113791666667        2.96470416666667      -0.505376862998485     
   5.63113791666667        3.26097458333333      -0.524935511324631     
   5.63113791666667        3.55724500000000      -0.531933129973908     
   5.63113791666667        3.85351541666667      -0.524955440407603     
   5.63113791666667        4.14978583333333      -0.505407909281868     
   5.63113791666667        4.44605625000000      -0.476953486344104     
   5.63113791666667        4.74232666666667      -0.443725296538603     
   5.63113791666667        5.03859708333333      -0.409319975766691     
   5.63113791666667        5.33486750000000      -0.376195848329109     
   5.63113791666667        5.63113791666667      -0.345753115530926     
   5.63113791666667        5.92740833333333      -0.319077000704814     
   5.63113791666667        6.22367875000000      -0.296359891108123     
   5.63113791666667        6.51994916666667      -0.277090210812676     
   5.63113791666667        6.81621958333333      -0.260331729190224     
   5.63113791666667        7.11249000000000      -0.245122095308061     
   5.92740833333333       2.000000000000000E-003 -0.238033868711422     
   5.92740833333333       0.298270416666667      -0.251400505179887     
   5.92740833333333       0.594540833333333      -0.265409432230417     
   5.92740833333333       0.890811250000000      -0.280924332325296     
   5.92740833333333        1.18708166666667      -0.298739820264595     
   5.92740833333333        1.48335208333333      -0.319208186508345     
   5.92740833333333        1.77962250000000      -0.342158589019061     
   5.92740833333333        2.07589291666667      -0.366684162373143     
   5.92740833333333        2.37216333333333      -0.391302081165654     
   5.92740833333333        2.66843375000000      -0.414440821864558     
   5.92740833333333        2.96470416666667      -0.433798001045885     
   5.92740833333333        3.26097458333333      -0.446809653279236     
   5.92740833333333        3.55724500000000      -0.451414714794329     
   5.92740833333333        3.85351541666667      -0.446814569310413     
   5.92740833333333        4.14978583333333      -0.433803855604176     
   5.92740833333333        4.44605625000000      -0.414440779732535     
   5.92740833333333        4.74232666666667      -0.391287889123052     
   5.92740833333333        5.03859708333333      -0.366645309923050     
   5.92740833333333        5.33486750000000      -0.342078847404566     
   5.92740833333333        5.63113791666667      -0.319077108174753     
   5.92740833333333        5.92740833333333      -0.298563535812314     
   5.92740833333333        6.22367875000000      -0.280742598035814     
   5.92740833333333        6.51994916666667      -0.265315042285952     
   5.92740833333333        6.81621958333333      -0.251489614229469     
   5.92740833333333        7.11249000000000      -0.238259077631530     
   6.22367875000000       2.000000000000000E-003 -0.231612509703367     
   6.22367875000000       0.298270416666667      -0.243458690263021     
   6.22367875000000       0.594540833333333      -0.254994467986835     
   6.22367875000000       0.890811250000000      -0.267195879272605     
   6.22367875000000        1.18708166666667      -0.280924376548524     
   6.22367875000000        1.48335208333333      -0.296478836940563     
   6.22367875000000        1.77962250000000      -0.313674327573131     
   6.22367875000000        2.07589291666667      -0.331830503923351     
   6.22367875000000        2.37216333333333      -0.349658949122009     
   6.22367875000000        2.66843375000000      -0.366028633816701     
   6.22367875000000        2.96470416666667      -0.379514158217746     
   6.22367875000000        3.26097458333333      -0.388486149367077     
   6.22367875000000        3.55724500000000      -0.391643002601262     
   6.22367875000000        3.85351541666667      -0.388484352949457     
   6.22367875000000        4.14978583333333      -0.379509168230658     
   6.22367875000000        4.44605625000000      -0.366017889120468     
   6.22367875000000        4.74232666666667      -0.349638557574196     
   6.22367875000000        5.03859708333333      -0.331792436692331     
   6.22367875000000        5.33486750000000      -0.313603847770158     
   6.22367875000000        5.63113791666667      -0.296360034484840     
   6.22367875000000        5.92740833333333      -0.280742614985312     
   6.22367875000000        6.22367875000000      -0.266961570407333     
   6.22367875000000        6.51994916666667      -0.254811029010455     
   6.22367875000000        6.81621958333333      -0.243535926069964     
   6.22367875000000        7.11249000000000      -0.231926967128872     
   6.51994916666667       2.000000000000000E-003 -0.225315300573956     
   6.51994916666667       0.298270416666667      -0.236074615333208     
   6.51994916666667       0.594540833333333      -0.245555103299246     
   6.51994916666667       0.890811250000000      -0.254994405114947     
   6.51994916666667        1.18708166666667      -0.265409376977546     
   6.51994916666667        1.48335208333333      -0.277135164206520     
   6.51994916666667        1.77962250000000      -0.289984797983648     
   6.51994916666667        2.07589291666667      -0.303437146056747     
   6.51994916666667        2.37216333333333      -0.316572644005699     
   6.51994916666667        2.66843375000000      -0.328400258990385     
   6.51994916666667        2.96470416666667      -0.338041791217710     
   6.51994916666667        3.26097458333333      -0.344421382121172     
   6.51994916666667        3.55724500000000      -0.346660429745000     
   6.51994916666667        3.85351541666667      -0.344419162125160     
   6.51994916666667        4.14978583333333      -0.338037479199515     
   6.51994916666667        4.44605625000000      -0.328394023493793     
   6.51994916666667        4.74232666666667      -0.316564562443624     
   6.51994916666667        5.03859708333333      -0.303425328288925     
   6.51994916666667        5.33486750000000      -0.289962891445789     
   6.51994916666667        5.63113791666667      -0.277090332915698     
   6.51994916666667        5.92740833333333      -0.265315011359101     
   6.51994916666667        6.22367875000000      -0.254810968268645     
   6.51994916666667        6.51994916666667      -0.245302037217889     
   6.51994916666667        6.81621958333333      -0.236053036830774     
   6.51994916666667        7.11249000000000      -0.225686899505861     
   6.81621958333333       2.000000000000000E-003 -0.217857437237430     
   6.81621958333333       0.298270416666667      -0.227948792590951     
   6.81621958333333       0.594540833333333      -0.236074516338670     
   6.81621958333333       0.890811250000000      -0.243458560856630     
   6.81621958333333        1.18708166666667      -0.251400428871838     
   6.81621958333333        1.48335208333333      -0.260261820977538     
   6.81621958333333        1.77962250000000      -0.269938940348574     
   6.81621958333333        2.07589291666667      -0.280045739211626     
   6.81621958333333        2.37216333333333      -0.289874921952431     
   6.81621958333333        2.66843375000000      -0.298652621938133     
   6.81621958333333        2.96470416666667      -0.305760924829967     
   6.81621958333333        3.26097458333333      -0.310450682187934     
   6.81621958333333        3.55724500000000      -0.312095482290941     
   6.81621958333333        3.85351541666667      -0.310452279553948     
   6.81621958333333        4.14978583333333      -0.305764811806526     
   6.81621958333333        4.44605625000000      -0.298660556660246     
   6.81621958333333        4.74232666666667      -0.289890376618136     
   6.81621958333333        5.03859708333333      -0.280074812567835     
   6.81621958333333        5.33486750000000      -0.269986615442336     
   6.81621958333333        5.63113791666667      -0.260331812481703     
   6.81621958333333        5.92740833333333      -0.251489522692311     
   6.81621958333333        6.22367875000000      -0.243535776285151     
   6.81621958333333        6.51994916666667      -0.236052932978176     
   6.81621958333333        6.81621958333333      -0.227860893118367     
   6.81621958333333        7.11249000000000      -0.218128527720709     
   7.11249000000000       2.000000000000000E-003 -0.208182425979235     
   7.11249000000000       0.298270416666667      -0.217857368614472     
   7.11249000000000       0.594540833333333      -0.225315278517162     
   7.11249000000000       0.890811250000000      -0.231612440445383     
   7.11249000000000        1.18708166666667      -0.238033817858698     
   7.11249000000000        1.48335208333333      -0.244969831710478     
   7.11249000000000        1.77962250000000      -0.252441035755284     
   7.11249000000000        2.07589291666667      -0.260182146369579     
   7.11249000000000        2.37216333333333      -0.267713592240361     
   7.11249000000000        2.66843375000000      -0.274418969095035     
   7.11249000000000        2.96470416666667      -0.279831863550627     
   7.11249000000000        3.26097458333333      -0.283397601554798     
   7.11249000000000        3.55724500000000      -0.284648907402548     
   7.11249000000000        3.85351541666667      -0.283404855040883     
   7.11249000000000        4.14978583333333      -0.279846981643151     
   7.11249000000000        4.44605625000000      -0.274443820648559     
   7.11249000000000        4.74232666666667      -0.267752805014828     
   7.11249000000000        5.03859708333333      -0.260246265058627     
   7.11249000000000        5.33486750000000      -0.252541271215049     
   7.11249000000000        5.63113791666667      -0.245122158114896     
   7.11249000000000        5.92740833333333      -0.238258951049878     
   7.11249000000000        6.22367875000000      -0.231926719520372     
   7.11249000000000        6.51994916666667      -0.225686606651017     
   7.11249000000000        6.81621958333333      -0.218128334063757     
   7.11249000000000        7.11249000000000      -0.208315762492715     
